BJD,Flux,Flux_err,theta0,theta1,theta2,theta3,theta4,theta5,theta6,theta7,theta8,theta9,theta10,theta11,
2459125.177973076,0.9989834915585973,0.00041491850424629946,0.07793314957801395,-0.02865453653545955,0.12948655486620736,-0.047384025648433574,0.1461373453643259,0.07937172911095533,-0.09372621538244508,-0.12250368249556337,0.06403576236732052,-0.1497531867137037,0.047734732564953045,-0.07169307324217385,
2459125.1786678513,0.9985883357829201,0.0004148143871748499,0.13802243764371003,0.03145590673070703,0.11739637510084984,0.08229430849581092,0.19922839964578187,0.09704505326115842,0.008324807935484548,-0.1015136694587936,-0.031101500015451904,-0.09506943550302918,-0.04098867400746867,-0.08762873023908213,
2459125.179362627,1.0008572114276473,0.00041521340161484647,-0.11028334254723957,0.008137626158904067,0.08614439644949667,-0.0728503443944908,-0.009630136879423684,-0.06523990946615953,-0.03719081781222774,-0.10464676189550123,-0.03765085962203303,-0.02574086612730194,-0.016913985684317838,-0.026765266320296677,
2459125.180057392,1.0004436716143528,0.0004151235802507371,-0.056947101638285084,0.04501834563688423,0.08754652143591307,-0.11563700948871017,0.01303110050567724,-0.08004495380145289,0.06860283437513727,-0.15362388444619365,-0.027147769616030742,-0.11405828115886621,0.04901955817609874,-0.07783248554402575,
2459125.180752168,1.0009701879070985,0.0004152128475771995,-0.11271059273334258,-0.05626443774981786,0.1072155692052048,-0.013835839637989107,0.08246479833623682,-0.030225227780011372,-0.005717899153235728,-0.05140991602026551,0.053394540354721354,-0.07273608050034541,-0.06724826690182796,0.036880164554589326,
2459125.1814469434,1.0005595365388942,0.0004151197932171628,-0.03415687251253688,-0.08368016512645474,0.10460730168879036,-0.018032173030508074,-0.01780349513889501,0.031977268922897484,0.011007419882545423,-0.11943503233125027,0.1316880779521641,0.035239582428471694,-0.08357760823907023,-0.011947626370195141,
2459125.18214172,1.0003938582586804,0.0004150863729403086,-0.11689534655169814,-0.12200483350331799,0.10873409825024224,-0.012913639462181666,0.01484391285868842,-0.010233703792970172,-0.004329363443152226,0.031699990312881454,-0.04186023960638763,-0.052831487013176054,-0.04991338474536883,0.01291300334352763,
2459125.182836496,1.000694331024742,0.0004151125740294739,-0.1055749188811573,-0.03818930253766188,0.06351568312997141,-0.077798694249964,0.0117790777386238,0.013470742367185734,-0.06540563526941215,-0.026716807862694425,-0.07029227611970981,-0.04406704116198318,-0.0666589271564962,0.025231373884324865,
2459125.18353126,1.0006607742972489,0.0004151159492410307,-0.006059299987481961,-0.025397013041940253,-0.09168618849546402,-0.0004132965067720415,0.0513469080492699,0.001704150347341199,-0.04398520737819486,-0.11325520234307411,-0.07614869084349463,-0.013379142974703662,-0.04989788510601395,-0.10796782020181758,
2459125.184226036,1.000602160244064,0.0004151078360414305,-0.02091083157423873,-0.09470930658379295,0.06375634374111719,-0.055631463670803905,-0.06596900838285247,0.016624764260550998,-0.013618402955996645,-0.10991471627390192,0.028578850407837586,0.013432488823797134,-0.06567733286926525,0.05587172088752988,
2459125.1849208125,1.00074663582775,0.00041514185764033364,0.018370253285329485,-0.150342129256672,0.06739805974111464,-0.08445096322319327,-0.057968787046464416,0.12169071776829256,0.05356457651520123,-0.1288034271687063,-0.0175836523477456,-0.016287274252773404,0.035245600692048934,-0.07367382978552828,
2459125.1856155884,1.001092213280384,0.0004152122276123576,-0.0546195460626519,-0.1271686536031156,-0.020124534738683763,-0.05083117551162983,0.021252520830944838,0.024151521517486924,0.03888951457637427,-0.06399565933555702,-0.03821062178127806,-0.08015974171521571,0.048137830941246684,-0.07839552526488158,
2459125.1863103523,1.0013720058148756,0.0004152900255657366,0.021741215021774146,-0.05915247529178627,0.06402328379613509,0.05889488069878886,0.02635671443260108,0.021961593665259266,0.034669099768426734,-0.14621994279876732,-0.08665501526917856,-0.09670296979130401,0.09302188036895764,0.02573191971065239,
2459125.1870051287,1.0006781109373404,0.0004151984758184657,0.022314030390087836,-0.06026300544706278,-0.026693025183391027,0.09321543935511935,-0.15197786718865502,-0.03636976349907788,0.11987366614234629,-0.11244339289038346,-0.06088822748463787,0.011884290445095135,-0.017914469604647515,-0.0569243546353696,
2459125.1876999047,1.0001032822796438,0.00041507281633825426,-0.09283069366837862,-0.09168112860882897,0.06991271204282111,-0.07328808513119173,0.024158817381722403,-0.030043009797062203,0.045018519354151514,0.008880706579323383,0.05914430050851471,-0.12453792249040985,0.0294435288409928,-0.0026558445583722,
2459125.1883946806,1.001248318740792,0.0004153301101992421,0.04214507652631244,-0.06979086096648923,-0.05443410175890651,-0.02676921849500316,0.01916562956972392,-0.02323138442175718,0.09047449328192957,-0.09329761721870328,-0.09864572137853075,-0.05763164171224857,0.022040442454421223,0.06408677015116915,
2459125.1890894566,1.001594121721498,0.00041540171734280915,-0.07748599355278385,-0.0768866207922001,-0.07974424404932064,0.019309841838385453,-0.033119255855486196,0.03985417311809822,0.010887905544761267,-0.09201494363462927,-0.015446778887152157,-0.03820711839734949,-0.03468551453903454,0.1291225785485792,
2459125.1904789973,1.0008951881937866,0.00041527456497873755,-0.07623437990341192,-0.10371875905365247,-0.016649762606150843,0.06708866433204017,-0.013179803553053548,-0.045855423414971064,-0.0491092094137186,0.018568363681876646,0.0946933591421484,-0.03764543804363148,-0.05800213841638828,-0.04298292785113628,
2459125.191173773,1.001909730471143,0.00041547716255785073,-0.006762737181720324,-0.006911053122518932,0.049079306612002827,-0.00884150772446951,-0.06003439227627746,-0.1462725274302054,0.11461152688397783,-0.05764456243351015,0.08414689746577982,-0.11733336136375741,0.08829801630830653,-0.12965402779289364,
2459125.191868549,1.0003132867149307,0.00041515738783260044,0.08981695703761011,-0.08024188578087554,0.04394755199538062,-0.21525957846759586,-0.045510758711923026,-0.06521092424354619,-0.04493938387253687,0.09026971084080328,0.0397946747944281,-0.050774727533870335,0.06613283226933216,-0.19619440640814517,
2459125.1925633247,1.0003773397668323,0.00041520868209483805,-0.18638774422869428,-0.14187965072165776,-0.04115990131611038,0.0269999091892012,-0.04616591235401912,-0.06682581285415995,0.02577504625902488,0.07132430817964047,0.016356717109793747,-0.23423718572100846,0.20628695393767782,0.010562177381648052,
2459125.1932580895,1.0002055179589453,0.00041515605982189773,0.03451659722446385,-0.09713609477714058,-0.07698188923873808,0.029388547851234747,0.022390753048207486,0.041858636513384506,-0.02723725945973543,-0.060131386482620695,0.07447365562042357,-0.018176779519794815,0.009404022072372795,-0.02435292700642311,
2459125.1939528654,1.0006024335655468,0.0004152076074311351,-0.023096567545914805,0.005911170052764117,-0.21081640483820474,-0.055917433098698704,-0.07302763692532861,-0.00471567076879742,0.03812882465566697,-0.07077681638246658,-0.019126577951926616,0.04824948275024092,-0.10024058572254846,0.12456055302504314,
2459125.1946476414,1.0006309188527385,0.0004152696431308464,0.03906800741375104,-0.10789361111690389,-0.11866012974109184,0.00042821793830224997,0.027605532689743813,-0.014689116195851615,0.03573643418659411,-0.006803122330081748,0.003130520938364021,0.04298628975908735,-0.005263807688988524,-0.08589370346066495,
2459125.195342417,1.0009661027887877,0.0004152953616801733,-0.06709246291996226,-0.048292783848762975,-0.012118648255153991,0.003757807220419823,0.025197140046460544,-0.04342094212447342,0.0746010046740222,0.012764507673700458,-0.012398492734453625,-0.008722585766819169,0.04313441091624811,-0.11273057645605974,
2459125.1960371933,1.000134676121617,0.00041509080147147915,-0.040077768291184,0.016731833280883502,-0.044630446650332965,-0.04073009567304223,0.15966094088039387,0.03170716588083554,-0.08133519947022518,-0.010798825178651925,-0.038873853536169733,-0.09068373848026008,-0.030944969078997263,-0.10766172898169678,
2459125.1967319576,1.0008266045729184,0.00041520577717915006,-0.0494658977941372,-0.06858392807840423,-0.06122281264692582,-0.041089296497502495,0.033928026430112716,-0.016841468554479384,0.0003241171862995995,0.0015124414012125148,0.08324037443034545,-0.13694410721955685,-0.25440485062400836,0.0986056230188282,
2459125.1974267336,1.0011853106550834,0.0004152395635180554,0.006274885241943791,-0.07674904776822905,-0.11049422061932539,0.004616181522208107,0.19270228506532103,-0.11631630483023113,0.15501098668841423,0.09506148129545292,0.07469213990707334,-0.12684903195787117,-0.09466247230666136,-0.03951991983583935,
2459125.1981215095,1.0021077073793636,0.0004154077880910426,-0.040563126322235715,-0.04726457431837568,-0.060284508844085115,-0.06583032960606883,0.07960844441271778,0.007457252755986126,0.09236819623646542,-0.06181461977544532,0.014187692152432875,0.0035676451693528967,-0.14940939872246897,-0.05927801979147262,
2459125.1988162855,1.0003336029622498,0.0004150535455334321,-0.07231276653584856,-0.045024198591654414,-0.002300146040018388,-0.05882802047594715,-0.04086656206527059,-0.10334475233777135,0.1430068205037663,-0.0680016256869901,0.06319827413407457,0.0019001512530196112,-0.05747284596647663,0.03110685608525433,
2459125.199511062,0.9999815689964159,0.0004149724238466146,-0.01894530416468006,0.01720477897165373,-0.1420066818815161,0.03988100678300446,-0.08791410462742912,-0.01317456277665011,0.034503551668842385,-0.12792998152498308,0.07906913678747954,0.10174200012547101,-0.0522361098673481,-0.18612954580824362,
2459125.2002058257,1.0006088901323218,0.0004150880174030405,-0.04412768929340503,0.03553177279967517,-0.0893070288345012,-0.016026899576762732,0.01549031132297599,0.010798675448125674,-0.003129733297495607,-0.051438958126785485,0.10878000487980487,-0.10060507636288,0.11637870651999614,-0.04822447563318415,
2459125.2009006017,1.0010443040637345,0.0004151475870638276,0.009587516099563322,-0.03853558596387282,-0.03649868533009878,-0.04557491347407047,-0.08974963692376535,-0.052725247686561116,-0.1055481153535857,-0.11073219416642817,0.06256056571308012,-0.008383179693749044,0.07928587390806398,-0.0583380924355326,
2459125.201595378,1.0006778929550668,0.00041509597981804894,0.03252806973992314,-0.10282778556064495,-0.028406083370886712,0.005794097869678634,-0.06431989434198232,-0.08163098282588117,-0.15264374078447276,-0.09640402343290784,0.09706727863288594,-0.009466098655485942,-0.12819402433452048,-0.05077729678767591,
2459125.202290154,0.999882388288232,0.0004149399624389045,0.018235323130047883,0.07119831691734729,-0.12517062686446,0.020516171905382713,-0.044882936984522996,-0.014526965074751003,0.054997348058195464,-0.08793599688681708,-0.019621836440699914,-0.047106838544967354,-0.02930348750804881,-0.01989559969257821,
2459125.2029849296,0.9999579271777612,0.0004149438692958341,0.0553060122559559,0.08904166566925774,-0.09215726486167235,0.08856341401667907,0.05147787199893968,0.04405804128736598,-0.05213410075090225,0.040197751793047506,0.0322441152908323,-0.03741720630224306,-0.08215753058468038,0.008388163257245,
2459125.203679694,1.000498007411649,0.00041505671824534115,0.02286805651145036,-0.026850964715282016,-0.0018706218975663308,0.021082089574527653,0.03038337303406858,-0.0834317762268024,0.0088519889923416,-0.03943000519627747,0.03311311124398498,-0.04954423796725066,-0.017350809251384408,-0.004173579756442463,
2459125.2043744707,1.0002814238634667,0.0004150085130308582,0.11283532018831842,0.08140984505370637,-0.14407928834302153,-0.1990313710769159,-0.09114928000576532,0.03451590013877502,-0.03864157956531157,-0.0032975672906116723,-0.007910364299447886,-0.07484820986759133,-0.07656606868166209,0.016720415409989083,
2459125.2050692462,1.0002154976570106,0.0004149873453792618,0.011133202263429754,0.06042501104339697,0.032511986641426655,-0.015565739475682672,-0.061774572389197556,-0.07611986959413405,0.052877250143126955,0.017379333248104558,0.006125047405804285,-0.05196517448340072,-0.02771519647438872,-0.07295054665063301,
2459125.205764022,1.0000946166428757,0.00041497667962015096,-0.042828356020937576,0.1171755105421294,0.08168801504005262,-0.05081682677474728,-0.003816291507494686,-0.08916739128605423,0.07710529254639074,0.11970885332901805,-0.00817933513473032,-0.05127566399431957,-0.104302862140975,0.009514145315517466,
2459125.206458798,1.0000967753140464,0.00041496326303039344,0.08870816452180136,0.0950144207162258,0.013865439203624543,-0.030752295773545452,-0.07235352126395724,-0.026505862617309892,0.07661557253394548,-0.054677548380222145,0.03344588789701652,-0.018482726104223128,-0.052349851300336134,0.0038372716370211938,
2459125.2071535625,0.9997595404611588,0.0004149509204342832,0.0947415791581792,0.007070758276360195,-0.026448301303963122,0.10147026398428065,-0.05176134112427587,0.11242714714121718,0.08074571190847192,-0.04818177778813004,0.033376338677079086,-0.09979493502324399,-0.07437991756941285,0.0011845799657018523,
2459125.2078483384,0.9990042001646703,0.00041475870922314586,-0.01578850528746825,0.08792369257226762,0.05174898344691563,0.09006777028050596,-0.04768473172437365,0.08462164253468529,0.03173388795872502,0.06742862919953702,0.033748809735770414,-0.07740957935259819,-0.14219011500009204,0.029187196457874688,
2459125.2085431144,0.9999248029655234,0.0004149552605875053,0.035935068599295704,0.03754282156065676,-0.036920486077526266,-0.0050197663207672575,-0.1543855801206748,-0.006699535957969177,-0.0224067661268011,-0.00752893472265226,0.053536442154797546,-0.009932323058732453,-0.1546225642449073,-0.061093296744263434,
2459125.2099326663,1.0002939330754579,0.0004150502633613578,0.059536128496777814,-0.022285088524540007,0.023536871851516053,0.025908624078724227,-0.0064665678153806045,-0.0111656698240424,-0.03825504187204353,0.0323657995186209,-0.05642305509108523,-0.10584629057928863,-0.01093584870040568,-0.11328519255879177,
2459125.210627431,1.0004562260786773,0.00041513377997697427,-0.024342386451111576,-0.03980792599740329,0.022648801113875305,0.08769616371267312,-0.09593855112562134,0.0036137222660846285,-0.038860509476360744,-0.082427863100456,-0.15356027138416675,-0.1758524322455403,-0.09130099635630011,0.09991949050903405,
2459125.211322207,0.9999640885590253,0.00041507643123784416,-0.11425554480864827,-0.04340063462448719,0.02509373830103806,0.08151257758655006,-0.1221491109064147,-0.030976384860359186,-0.09711839120732708,-0.044916918720416685,-0.01433642529577151,-0.13234133000192308,-0.02810092111133253,0.029320779842424906,
2459125.212016983,1.0006390302352353,0.00041524882370917287,-0.05408899058125418,0.032928524841818525,-0.10162466971066898,0.15140544918479854,-0.14643344635783853,0.14624362878744682,0.030099797922247838,0.003767836780054513,-0.07835196733613722,-0.15437712584356714,0.05016220113789056,-0.07928474284332886,
2459125.2127117584,1.000544061497668,0.0004153195338297408,-0.12539634527606827,0.05389994450735861,-0.11152534065079846,0.041120107297536033,-0.08689419311883216,0.02422631459317972,-0.03377127696458991,0.05583790507207293,-0.2397672967912743,-0.09354256452778124,-0.027328775252613735,-0.051848262342485435,
2459125.2425870206,1.002057292284844,0.00048104760008809013,0.0507326506717104,0.023635272657983337,-0.029488879209935967,-0.12176009038262581,-0.08372895552272552,0.009448317840135232,0.06356805054221752,-0.08820430056477027,0.021529744238691088,-0.054474363098125506,0.04809611068989203,0.02830056783120894,
2459125.243281796,1.00102364517006,0.00043157796566987907,0.025658102336525337,0.08877602513735368,-0.027633705635777283,-0.0265228684146319,-0.02029067019716168,-0.0576019862594036,-0.04591854382116593,-0.01254958628342539,-0.010983349253678837,0.08228244401899693,0.003987212342245459,-0.026980284351412812,
2459125.243976572,1.0001784761804107,0.0004181855423211089,-0.15417783808781763,0.17673807809266018,0.0002047018552526186,0.008721844531687778,-0.004755581249253924,0.14905571272539003,0.03140517384802442,-0.032705473641879715,0.0627948062634504,-0.004433503289717482,0.06647648516504136,0.00013870658568881976,
2459125.2446713485,1.0000782486567927,0.0004157517025417598,-0.10413489055142025,0.0722833774250973,0.01669424303024412,0.01762889621236799,0.0006958455612466836,0.04789220141367895,-0.051742987987748644,-0.028997568194677133,-0.09852035859704225,-0.0343301664260018,-0.018307697064727856,-0.0022680453165141914,
2459125.245366113,0.9992835169257469,0.00041518491638861514,0.014098969720728605,0.061517764428563514,0.06062365316322551,-0.049952326145041796,0.1314954136124691,0.012127386627469176,-0.029682382108152428,0.052608712312893595,0.056719212475677815,-0.021643458216770016,-0.06365976525467729,-0.0032613953340498033,
2459125.2460608887,0.9998659702417454,0.0004151589491631057,-0.031425124263210265,0.07407334869504809,0.028078062527113406,-0.004612512833949553,-0.009685880878744316,0.16097958668393839,-0.02396973332805314,-0.14886902419765477,0.029037352630045147,0.08030991426807235,0.09147003814300478,-0.037574734566083894,
2459125.2467556642,0.9999839973421562,0.0004151364093865099,-0.13320011507987659,0.061695668052841886,0.07247534861876863,0.10749392766534452,-0.03698937197325594,0.03682258114678205,-0.16613241167744436,-0.043011519627172805,-0.0025209516421535777,0.020487501897859514,0.041717163374556186,-0.011043674072084694,
2459125.2481452045,0.9997680077718142,0.00041500351288438595,0.012495992317878428,0.08169617804435679,0.05549653164168304,0.18091385499398285,-0.02037355288621323,-0.0277237198335878,-0.02874365630773049,-0.08359854628198037,-0.0014453859261442388,0.004815521466482028,-0.02328035200016558,0.08830075988383002,
2459125.2488399805,0.9996821549776121,0.0004149745924278432,-0.03148208499034612,0.08565721918242786,0.07409404350154043,0.020586331826669076,0.08742976084155409,0.004688463596285539,0.06201154701212437,-0.03268048687570535,-0.047402195013790054,0.007846591650277589,-0.0001509456965343139,0.003006238243690481,
2459125.249534757,1.0000604341996664,0.00041504272461627173,-0.0423817033072826,0.0068572009855046336,0.04582622743270474,-0.08333839833966103,0.04030421528535665,-0.07346450241578742,-0.050541732098267754,-0.02202451622927864,-0.044678169913765435,-0.09054162219393129,-0.060003058013248775,0.11127111945297503,
2459125.250229533,0.9987800625924471,0.00041477880820332586,0.019978716802767194,-0.023926554285843272,0.0606598181881356,0.015461994812433212,0.0283101972201617,-0.03395460566611054,-0.04515466313529352,-0.1406440529912156,-0.036018843992846376,-0.012722555715472072,0.028598632150322628,0.0752950189660353,
2459125.2509243083,1.0002655830034515,0.00041503934021612195,0.057746744300117496,-0.04854802994154292,0.10892114501831508,0.006108615076005002,0.010336743710355725,-0.12164112300223498,0.04428073953341868,-0.03867597739168088,-0.008927038549162256,0.0047910848256644475,-0.014767572081302357,-0.017605655334072833,
2459125.2516190843,0.9993449534194568,0.0004148840865092457,0.0009308711185036254,-0.03510439398622178,0.05261179839974868,-0.08839904451159109,0.06032456087792189,0.012174015337955688,-0.09184348148127033,-0.024371152168691294,-0.13205621207942525,0.08110767213494764,-0.014013639177006989,-0.036178603129578574,
2459125.2523138486,0.9994422398427316,0.000414901199538731,0.09181777156653631,-0.05870241186971455,-0.006631452687308587,0.0008792085917105651,0.03496264992219147,0.06918497424737609,0.05983621717369161,-0.17377590315328753,-0.03210174659330938,0.006759715063915822,-0.0072560739434390075,0.10917631981089614,
2459125.2530086245,0.9998622777765166,0.00041495627421029636,-0.03544113695515829,-0.047728390550617665,0.09390807527162928,-0.05848898298678152,0.014632544788682034,0.1341589878866393,0.11731675181864357,0.02811414903987682,-0.05686491509037845,0.048450985750818264,0.06367298055682055,-0.0037891047000584398,
2459125.2537034005,1.0016188505344212,0.0004153622816957948,-0.057606920130232456,-0.09840136839415618,0.030035700653322957,-0.07783029511438705,-0.04937636054859241,0.049555667216714075,0.07978341799217976,-0.027885306671083295,0.0072415761060535344,0.0352153178013097,-0.02368350522516151,0.013948550798601234,
2459125.2543981764,1.0002565823627525,0.0004150570923104364,-0.0861677971797564,-0.043886240095399306,-0.0026303437308780133,-0.0670164643980966,0.0712570739321373,0.10978009437094274,0.09454887660356967,-0.024284797577909436,-0.12093942573471003,0.05912340462762065,-0.025656652604123014,-0.09578204602331551,
2459125.255092953,1.0005158200486783,0.0004151207486611998,0.053639294752149826,-0.11041906166242996,0.04784173840488319,0.010878917434097378,0.04415137843888378,0.011379053630741789,-3.0578360663130686e-05,-0.0984671467399982,-0.04505317827132877,-0.08225055590477326,-0.02661339907477386,0.071765369264305,
2459125.2557877167,1.0004665758474798,0.0004151503287470063,0.011905579782087899,-0.0934204540094262,-0.04574131355161107,0.08164578930455098,-0.08195113391829395,-0.11092127881854125,0.10633606872878487,-0.015369362413386309,0.003635848937161877,0.06017903728556688,-0.061138495599985666,-0.031438690962285416,
2459125.2564824927,1.0006919311506888,0.00041519657989904144,-0.06961452931103974,0.040464510901496414,-0.05272210420462738,-0.126823711160485,-0.011509562318857776,0.09346612075734316,-0.026243264244105224,-0.04534565645913624,0.0973681783810544,0.009117979308600354,-0.00396489374027417,0.038892732237205505,
2459125.2571772686,0.999283505569169,0.00041495166420221763,-0.07206225883779971,-0.10926097189402302,-0.008909241694695025,-0.07959830173451622,0.03167800782830199,0.019273677053658157,0.13833289326049394,0.004336955119207553,-0.0672112508037321,0.01035614592002283,-0.02844616940072026,0.09036591812700566,
2459125.2578720446,1.0003019700604674,0.0004151612820243947,-0.02555189317289174,-0.09006353829559499,-0.1204638752772206,0.053520559309219465,0.016476652553841675,-0.016876297325784006,-0.09808908072127812,-0.004999155997373041,0.04993267846875214,0.03684542277890733,-0.022779347242791882,-0.05236503825777711,
2459125.2592615844,1.0000087630943595,0.00041511202278171443,-0.017224449192662878,-0.04209213505536065,-0.01850687094940506,0.07884805734030575,-0.04327998457567546,-0.006315322580132608,0.04489988603057793,0.002606749897492157,0.0598221497849218,-0.011785033164787042,0.03664277775754135,0.005556660026144165,
2459125.259956361,1.0009120821937056,0.00041527083289839335,0.03929837938491788,0.0191465481634967,0.08455365432569711,-0.15080524901053124,-0.06479661574409473,-0.11640666964841763,-0.09430671803840257,0.10507354203582202,0.05968451152601528,0.01733615216349755,0.06787219859738938,0.0628610831045152,
2459125.2606511367,1.00048059003122,0.0004152094115252566,0.04234915216420973,0.03233982299786277,0.018689661765591146,-0.19944260435023856,0.002721376927081547,0.07036493464545426,0.03783370155115213,0.03466963341705977,0.008040575006141084,0.06379098574376164,-0.06802447342948785,0.021961681010109802,
2459125.2613459127,1.0001393889487482,0.00041516218817572224,0.025494382556339876,-0.0980522664740563,-0.052804831878315625,-0.06718720548465794,0.008162068085679255,-0.008415645730226209,-0.11498219033000537,0.03677642164983976,0.09532692939646768,-0.05749348214376226,-0.0311161528915006,0.07098863111862372,
2459125.2620406887,1.000998712508748,0.00041526359647672763,-0.07333147622253841,-0.015886775649192466,-0.12909117803350198,-0.05110115896084364,0.02146452886407902,-0.00132086680211181,-0.0736677751302979,0.03288150012870899,0.015364720339311773,0.04426206675189405,-0.010352169942895059,0.0964649722042251,
2459125.2634302285,1.0007842818025736,0.00041525631945393116,-0.07016676979889896,-0.120206083963964,-0.027616526601868682,-0.040741390795856966,-0.07409411226254417,0.02563802149607972,-0.10324406685109984,0.14153914513703333,-0.08276288442408575,0.0007206317480573902,-0.18254960620581762,-0.12906137320911115,
2459125.2641250044,0.999764157610669,0.0004150574427280477,-0.03856328805459312,-0.0418956507501154,-0.0702163003238665,-0.024470578056150653,0.04896784205438706,-0.03277693768948169,-0.008769420082020784,-0.02904154952905336,-0.03885627489097785,0.030634625598972863,-0.07830663432059583,-0.01388933386761253,
2459125.2648197804,0.9989379005669163,0.00041485837983559716,0.12141184341478004,0.0007599634707385105,-0.06337759882160333,0.04801306178999227,0.1436051007174936,-0.004689222904837023,-0.010508167069544425,-0.01090275036612635,-0.007210700502730924,-0.16135044047423172,0.06720152019237813,-0.03502853326140284,
2459125.2662093206,1.000384129677125,0.0004150971386156754,-0.05102952519156872,0.06392954683407788,-0.035387708005931794,0.023114772544113354,0.10423545446293588,0.07173047670555177,0.07345540272994043,0.017690386373364307,0.09350528509947317,0.011258354996297792,-0.09791014959610919,0.026922078268113717,
2459125.266904097,1.000257018172387,0.0004150522404641281,-0.09269524601493155,0.004748372132941409,0.000732815304452004,-0.13458870900295486,0.09663998608174408,-0.06937898238666738,-0.0010193164402367448,-0.0018221512348122657,0.04504918297807509,0.010000585355712523,-0.05909109485963862,0.013652234939026781,
2459125.2682936485,1.0002422950837988,0.0004150166055905863,-0.06792032613541492,0.0013723941278387503,-0.05643541864232657,0.020913766126321006,-0.06576671026567768,-0.08309074952000882,-0.009521535362542253,0.025427273758676774,0.0710988781317335,-0.006896423648744321,0.06741357111433902,-0.08739382055548213,
2459125.2689884244,1.0003413944941433,0.0004150412743338194,0.0031782951564521948,0.09648261334448469,-0.010104302670352358,0.05786996819986495,0.0069517295097482855,0.1119969732211615,0.14761501869716137,-0.08707548433906863,0.18835217959685796,0.00197509121661449,0.07435897720547556,-0.07507517634177538,
2459125.2696831888,1.000122789208997,0.0004149754003968429,-0.07440077803330908,0.020750662651556097,0.012678307307105004,0.057193169501853096,-0.08545988969914635,0.011964955465239055,-0.03157830452262581,0.04279041904483556,0.0980359718426866,0.11740566247890288,-0.08127396083800291,-0.1488326318556044,
2459125.2703779647,0.9994769152599938,0.0004148481709042578,-0.012986366652606544,0.10291516796828631,-0.05450499517191487,0.08252633880878048,-0.003098610518909074,-0.16488598041414484,-0.0117344124780542,-0.0516819352686577,-0.05180563298783758,-0.03632433506897085,0.07877328160323409,-0.023726790745713197,
2459125.27107274,0.9996833415595698,0.00041488918322002676,-0.011748736946860435,0.12492111223747754,-0.10248369823371906,-0.015593798377732037,0.013288555864208056,-0.09731938172656938,0.004324411602253475,-0.021181295907877703,-0.028750062305212674,0.08614258975571297,0.08111244390097554,-0.06633107442166614,
2459125.2717675166,0.9994214928667062,0.0004148563884648843,0.09785503850336565,0.08068108863799188,-0.01381242921588508,0.06161214725241601,-0.01932893725707054,-0.05029694999964765,0.006334825544215462,-0.07159942357530615,0.11306370072526183,-0.010488653354830468,-0.021414406617689435,-0.02964635702509347,
2459125.272462292,1.0001049734167267,0.000414982915013993,0.06948115113866564,0.027843337382999902,-0.00097695484126872,0.07183210954245717,0.009248254064865008,-0.16855481090971303,-0.06015746681716225,-0.02139552825779706,0.12082996006460199,-0.02877442224087028,-0.007341569905223529,0.03142067646146753,
2459125.2731570564,0.9998539811027557,0.0004149350924198048,0.0741520389323591,0.08927085948326957,-0.08362924222694153,-0.005165795678403243,0.033044353647835055,0.003013200725590405,0.0803146549505623,-0.15404430440308994,0.03168932929931012,-0.05861230605201958,-0.17987105752876814,0.04472392559637821,
2459125.273851833,0.9997792432696613,0.0004148938513553694,0.04782804879429171,0.08046554290992101,0.06876306066527549,-0.16088960030431848,-0.09493533186405717,-0.030658803422695235,0.05833432674198645,0.04950807187678498,0.06028735760020256,-0.04323181889462792,-0.03407348994975508,-0.03814159220882373,
2459125.274546609,0.9997040987760526,0.0004149014221428615,0.08213416153033438,0.054737620646450665,0.040535641667706915,-0.04334174617159395,-0.04075207360999503,-0.11517887204178934,0.22349836322811223,0.013821078749668984,-0.0763566372121555,-0.016716790453728068,-0.015140244657262209,-0.05377374423453288,
2459125.2759361602,1.0001287524787563,0.0004149698829530462,0.12182019871783223,-0.0015999439528757552,-0.014904037216574044,-0.10066420890082577,-0.04830880270142796,-0.03489411136957752,-0.01118035971965249,0.036954205187602986,0.07746588723102234,-0.10829604900731442,0.012219523869009069,0.06693948558841584,
2459125.276630925,0.999343682776332,0.00041479383110748155,-0.06164614555269134,0.1587097321927398,0.022533992669319002,0.03434596891448954,-0.0069217014204809545,0.14574451814127146,0.10050086183760812,-0.01898059357609626,0.10228603248020003,-0.07285606099651411,-0.03376564490212959,0.05600519649203614,
2459125.2773257005,0.9998802681628277,0.000414920416794713,0.11778585000149809,0.06124314989397509,-0.006447730380166635,-0.01637579945665082,-0.18745205457442662,0.09286779784263775,-0.05587631495718251,-0.007591525200396896,0.005826252554371912,-0.009738312648734383,0.007759586291776042,-0.09198684489571429,
2459125.2780204765,0.9997629230320203,0.00041493504630010065,-0.003275682324524919,0.06411657790762128,-0.03533710938867235,-0.024383688486864702,-0.012715130346026083,0.09902329721596137,0.011062609724368497,-0.10107196344825269,-0.15911164614876147,-0.04312093630146488,-0.015438733296913525,0.10403113015314706,
2459125.2787152524,0.9997539552363899,0.0004149524570506325,-0.025031892046992715,0.049941289958603904,0.02260291397298447,0.051402599359447604,-0.11052536039770994,-0.04564258876575675,0.06420441295769702,0.024503449282825534,-0.11106832797488755,-0.09565461228766127,-0.02548834310372689,-0.12006092803446337,
2459125.2794100284,0.9998267753068775,0.0004149872860795327,-0.030070302664042634,0.012398339398344567,-0.00730193457898697,0.009468102064943909,-0.052490544333521814,-0.007525710813671391,0.06109741859842996,0.03191785167294479,-0.099091372980232,-0.06740431603724657,-0.009193157063519433,-0.051296826477885055,
2459125.2801047927,0.9996387901071533,0.0004149876901184275,-0.07740508250588701,-0.059026301068431465,0.06935182314577054,0.013559014288056318,-0.05920190801869091,-0.06747740186037271,-0.05633880095567599,0.10208839590130674,-0.07123606704200172,-0.16633089202631235,0.026813056582705188,-0.014197000861274572,
2459125.311369603,1.000102732862175,0.0004690121803604751,0.10610016285973581,0.020354132058987513,0.04648769272907215,-0.08422094785903313,-0.11570367520838036,-0.05507940432243489,-0.04957066753343458,-0.09789285937054541,-0.0801063783853121,0.070869181646925,0.000423734865634621,0.006661974127466244,
2459125.312064379,1.0006522023902606,0.00042386417716980577,0.006931498738082408,0.0489839337508699,0.03132094403817653,0.08115554320503525,0.03684032626229449,-0.06783991992611511,0.13239473033704746,-0.02097614086541545,-0.022203617269958165,0.06095864794247137,-0.03712245813893162,0.01702811256904353,
2459125.312759155,1.0000623022537503,0.00041649774591477883,-0.03966644090319881,0.10734254185661808,0.007665466707388053,-0.02339726172136091,0.019186422852889556,-0.010777359673221956,0.0817735729623274,0.00935274341131847,-0.017455972562408033,0.032429451307604225,0.08110675683840479,-0.029178154842402704,
2459125.313453931,0.9998366620934677,0.0004155002765197838,-0.07170837393922079,0.08486092468467261,0.06484628339756039,0.03481780044929588,0.11624211307344538,-0.02118139540712972,0.028566701739040457,-0.008869835733120333,-0.011083288911098933,0.002301568988807065,0.04920973186480927,0.1042176521789967,
2459125.3141487064,0.9992645966933386,0.00041517840901223444,0.12258019213626282,0.1377825969910092,-0.011209962411523755,0.06810316925909639,0.22612616956099288,0.055670723614510094,-0.09182893332437164,-0.0647981626795724,0.05719556941257656,-0.024352345259102105,-0.0026300837708971288,-0.158174687049377,
2459125.3148434707,0.9990207259580657,0.0004149983094372875,0.024980143745782064,0.11428138403548138,-0.02492895711946953,0.01901634688074488,0.06179726888970164,-0.041879024584434175,-0.02666142325442399,-0.036315645294193295,-0.07038109265389349,0.03824254709165628,0.11490345089778659,-0.014681686622685979,
2459125.315538247,1.000153944769468,0.00041516690476672114,0.06058638884213809,0.05779730774410607,0.07216431435516904,0.06178789192782911,-0.012149151804355211,0.08208944143643775,0.03636741369037365,-0.1053709095483226,0.05907338661688271,0.09708968249190233,-0.0037001076428877116,-0.021593787816516618,
2459125.3162330226,0.9993993767484088,0.0004149685595697981,-0.014339113196684856,0.04855442051182667,0.06729279710569074,0.04183477361304618,0.07695577040802726,-0.05610577815200629,0.036062533917255425,0.05326381048009788,-0.11014578668504613,0.05076098633176946,-0.03681269439683712,0.01815661089051964,
2459125.3169277986,0.9999477142828797,0.00041505069987900813,-0.09173689231726799,0.10239746975783982,0.09804424285830768,0.0012106326136905037,0.022665822320490855,-0.012975748576443185,-0.03687805991859501,0.046720440548951914,0.0001653663950680296,0.07073111339141362,0.007221992996908531,0.034201935189126176,
2459125.3176225745,0.9990277086662063,0.00041486190528433625,-0.0809852708595156,-0.03047178499110647,0.09696468299994604,0.07648544142128891,0.06918485534770447,-0.009126487293119207,-0.058517093444732625,0.004553038930055454,-0.09393788491075496,0.04167638286422619,-0.028947554191385193,-0.04405847117229807,
2459125.318317339,0.9988091869171926,0.00041479860916495255,-0.02703131751852651,0.025522164034481078,0.07171718593395336,-0.06665888408144466,-0.01276996739102809,0.11084705936531096,-0.015294921921261258,-0.01928108468968306,-0.05452374330878695,0.08578391253606757,-0.026442150472721568,0.047400267848523615,
2459125.3197068903,0.9994928992824313,0.0004149209558210026,-0.004055715772860725,-0.08776233284476585,0.10208576531888078,-0.04523708025144442,0.04345015796388133,0.04506268695718306,-0.12032042952133493,-0.1586298092665447,-0.025575579230103524,0.07932453268026478,0.04878812897577538,0.012157025979415662,
2459125.320401666,1.0006265099574851,0.0004151376404262547,0.07609717102403972,-0.0375758476454761,0.04327732897464914,-0.058772201837444436,0.04723962549454916,-0.0011139649834975025,-0.058941037390937756,0.1120011698424619,-0.11262207990811328,-0.03273307320742465,0.01975775719164467,0.034622854107729015,
2459125.321096442,1.0001906606254574,0.0004150572608807442,-0.06346286173105001,-0.00637771619424428,-0.009859310304761094,0.0037567143247166407,8.509140968197201e-05,-0.03221960886835565,0.07737741846611004,-0.04134022311540733,-0.059826303622549405,0.07223175739450181,-0.0058409788226667595,-0.05813740977985121,
2459125.3217912065,0.9987937440260397,0.0004147345539860268,-0.008888356460393597,-0.056165616827010545,0.028993321214582233,0.0040309986831544055,0.021191428853524926,0.19828030238354333,0.12631248417009436,0.09088850144379157,-0.002241500680298427,0.05411171106045432,-0.028951469170536155,-0.017330096780013196,
2459125.3224859824,0.9997790033478416,0.0004149585707923737,0.0021711494975855668,-0.05696840491471175,-9.84611640418577e-06,-0.024640004491761583,-0.008107458031301425,0.004380013994436792,0.033340505294400406,-0.01639125904510599,0.007274727416364245,0.050351657229874044,-0.0468832223968078,0.04472508661839934,
2459125.3231807584,0.9999087296827058,0.0004149955112912065,0.10035778040905793,-0.1555688143417242,0.06844452684439989,0.06046423455366429,0.04540889127877855,0.06995889077121926,-0.08808398894116062,-0.00030155127749307165,-0.0449909551067895,0.025279025096702577,0.03998446791388624,-0.10284529262404232,
2459125.323875534,0.9996714091745471,0.0004149906371219903,0.05935160469967039,-0.051240526368340984,-0.04350534075221711,0.013454000947564089,0.01034433748920156,-0.03342809539320733,0.02803391055167922,-0.03381102321262865,0.05231463183301017,-0.098213171686318,0.12439380962132107,0.20033523831904676,
2459125.32457031,0.9990580856217424,0.00041487960542695694,0.03523349859853049,-0.06083133927407295,-0.004612107843118733,0.11567538908432758,-0.08010008435718038,0.013831287964872912,0.10930009021701757,-0.0423646644438097,-0.03306654251986322,0.1160488860640343,-0.010088493208869944,-0.030843822088321267,
2459125.325265074,0.9998466891308837,0.00041503108482535085,-0.04924205153828103,-0.0013452021864443803,-0.090480400259527,0.08451392636010786,-0.005333129121132802,0.08709366826961591,-0.019396082802295433,0.03840072002503568,-0.06340874620354538,-0.07075092712577169,0.16179127247372238,0.036107434624666986,
2459125.3266546256,0.9997296574402966,0.0004150452241980735,-0.03184788680609936,0.043298420706970576,-0.039979020765311464,0.08837154551215974,0.005017350244716545,0.07486518368055178,0.029117012319669247,0.011029303359755436,-0.058001659365040946,0.12028390126726746,0.029098909799165646,0.04630254800149863,
2459125.327349402,0.9988455595228242,0.0004148790083357554,0.0986578947534536,-0.05831141760028375,-0.011701763712721256,-0.04492550367878002,0.056223104007616764,-0.05601798166552665,-0.021384234036351014,0.05346836440550596,-0.08832096968506357,0.07572471073740585,-0.0034354091752125705,-0.052890381652627626,
2459125.3280441775,0.9999401445224451,0.00041509717454745533,0.06056409604041366,-0.08697770125834585,-0.014699857789396148,-0.008903684945037984,-0.03430804306353686,0.01912689324594769,-0.08299996429526262,0.058083384910758026,0.11282604172950327,-0.04521477807693208,-0.0312597430333447,0.05131814298265963,
2459125.3294337178,1.0002690235030967,0.00041529717917345783,-0.001890331498464164,-0.017228298773042265,0.03311982012904021,-0.0742923855191373,0.01910818202660731,0.0718629390059637,0.019482869491941147,0.19836991085992098,0.006512955707293204,-0.06717080830248828,0.024047133897480467,-0.23791736175111725,
2459125.3301284937,1.000622585919281,0.00041520814623187917,-0.054377201477003236,0.03002536980689179,-0.12697213002076993,-0.01748613092144049,0.044608394287096585,-0.026284671523158165,-0.011972676683915965,0.08162126719620501,0.06903997458071261,0.025965882945228974,0.05084946465599124,0.11612964304128358,
2459125.3308232697,0.9996086005798689,0.0004150388744606457,0.05084537401401358,-0.1381275110177877,-0.08619987980389945,0.1460097424794286,-0.08422875739078119,0.07269522554445806,-0.07997188720938901,0.043675139245188836,0.09752985545919057,0.04247035093357254,0.098241186057638,0.05926103142402421,
2459125.331518045,0.9997944643258899,0.00041502312660397274,-0.08609191256658898,0.0032816249675707903,-0.23442784857736226,-0.09137020042420159,0.04254273989622589,0.02822096410463025,0.07211635698992487,0.12602411993454538,-0.057794779728551494,0.04787542602047257,0.0706007200760501,0.08474818656990793,
2459125.3322128216,0.9996275401199239,0.0004150077513951695,0.012964546399094074,-0.11329997856418307,-0.049744808441188365,0.10505899601930695,0.04113093941204739,-0.024369108441605686,0.09723389100653937,0.10460707474665061,-0.11586278430834702,0.12773474859419226,-0.12170661634700071,0.08663612459421095,
2459125.3329075854,1.0006335975597516,0.00041519430830632765,-0.08706188912092741,0.01178202236410919,-0.05279150174204375,0.06069692285493497,0.03992782294589805,-0.026140730821172214,-0.01330054950997926,0.05637124260211083,0.038439684030257944,0.010242434258908263,0.062365328331200835,0.0522630634482252,
2459125.3342971373,0.9989463735674847,0.0004148331400873725,-0.058472451694845815,0.00773339170855899,-0.018287090734985623,-0.02801542367180277,0.18051057289714414,-0.024176586594679656,-0.12110833010627302,0.10137202327775756,0.11711762350746961,-0.002771092688727831,-0.10022108833430651,-0.13856558032031102,
2459125.3349919133,1.000422765666571,0.0004150977484116827,-0.053258551889595517,-0.02952627024177039,0.01647679517184563,0.03551181809168021,-0.0034342641321250815,0.01849519003677957,0.10663539295442025,0.08756912104616899,0.06299880060588933,-0.017864315969116026,-0.07917723298522227,0.11548859698710558,
2459125.335686689,1.0001238049591339,0.00041503867655569293,-0.07710994175057667,-0.01789722486674441,-0.08588279265678089,0.006985603248092843,0.03065788769849458,0.023644222934558225,-0.021028428407486918,0.01737180289383233,-0.023982065404369104,-0.04227192226917578,0.011132785394418367,-0.05473954301079402,
2459125.336381453,1.0003798739171437,0.00041509244025087795,-0.015291117786242958,-0.043625290009722026,-0.02590817029397712,-0.04622988238285426,-0.12265295031201894,-0.0796039379576122,0.16389468770565152,0.01841221072063695,0.14489713356669667,0.03985103993910413,0.07414920559802549,-0.03561975857966025,
2459125.3370762295,1.0005358212345414,0.00041508465974288806,-0.10574390391091232,0.16267232360810777,-0.1127790418549434,-0.08208420553224156,-0.0011608227108659747,-0.10746361448973187,-0.03781928199951442,-0.01955223134429394,-0.047456235507763414,-0.04229835751287253,0.21609619646435502,0.03721338504295312,
2459125.337771005,0.9994729252298142,0.0004148528969755584,-0.0218551131886714,0.009793914437749632,-0.007709555713884559,0.02082408079086237,-0.01658838367734424,0.09419919592172833,-0.12286075471965086,-0.06670669437249124,0.07304567313551166,0.014049674972730311,0.07804452189343815,0.015627433711617438,
2459125.338465781,1.0005807758651417,0.0004150721276035376,-0.06996669755532432,-0.059246540289227136,0.03866331481348102,0.016605590248771285,-0.09271377885109178,-0.02178094324215877,-0.11524183182914272,0.12547517896404617,0.08290444270047635,0.0768572418174807,-0.03668004982133135,-0.08735250395300079,
2459125.339160557,0.999588086490654,0.0004148846577105656,-0.026231189812480734,-0.007406422205678795,-0.057714347488361926,0.017522584644564073,0.04118705222205607,-0.013804163695219994,-0.1136877520593848,-0.05684478423813924,0.08952786113577867,-0.012311340750061035,0.01989127695924804,0.02640163828441846,
2459125.339855333,0.999418102046228,0.0004148220400177321,0.005561671713975202,0.04578300500769516,-0.05169282490821711,-0.015058826202698135,-0.025002506097252276,-0.11689446876618782,-0.03380451053436173,-0.02061608210241381,0.06685890741528878,0.06634469537509316,0.14192699334363126,-0.009292714405312484,
2459125.340550108,0.999030956621772,0.00041477979714616065,0.11833667692735998,0.05498889276722387,0.07419599034662074,0.05290172364238422,-0.0053454227087396874,0.015373989475962559,-0.05485264946876603,0.050699312200027435,0.10070629221914058,-0.041892712343697784,0.034845950678244045,0.1531668287588987,
2459125.341244884,0.9995277770224497,0.00041487744530700115,0.09652487035563077,0.08563570497214437,-0.04083725252167545,0.042526660675392326,-0.05537574676252715,-0.04564536364100301,0.02180267556293362,0.06937062643414145,-0.029841872106921147,0.012923547618843673,-0.047361601990985186,0.08062779578009664,
2459125.34193966,0.9994632380807243,0.00041486526521648586,0.12429079952133222,0.04808601535981286,-0.08128844641286499,0.05090576442778251,0.051375871332351754,-0.08618468253161977,-0.05114261513329595,0.03876240852305332,-0.003981188255779227,-0.03310567983199252,-0.06613416557054512,0.0784202463680322,
2459125.3426344357,0.9998522442327225,0.0004149390950034497,0.05462974474807846,-0.023183101804722557,0.10737001472962096,0.08168636624952041,-0.027201904458157088,8.370785459538382e-05,-0.017485673026210423,0.10167570783100129,0.1058077341432092,0.02848011929392198,-0.15816363117554705,0.00730734424272545,
2459125.3433291996,1.0001097327185815,0.0004149664290808223,0.14475540938300185,-0.0012013242252995066,-0.019966268321633257,-0.04441504886859311,-0.0640359770142056,-0.009265775158527301,-0.025235472086128707,0.05996649605026088,-0.10598126845003765,0.04507688719160846,-0.055585647658016754,0.006849923469030326,
2459125.344023976,1.0002022796012024,0.0004149655198969498,0.0638758030499978,0.05235209639846533,0.06015782824952605,0.0665317941456992,-0.1001854340476695,-0.07389725789315257,-0.07115391411779995,0.08538728837456423,-0.049058689382260955,0.025599496938819282,-0.020409025718463706,0.06103668527101167,
2459125.3447187515,0.9994011605852409,0.00041483630583250084,-0.03056235554443736,0.039678085016145,0.032538136513773346,0.011614251226467262,-0.00830269968754472,0.08421952386476206,0.03656229448972919,0.05949166368147712,0.0007087159494526212,-0.04100638122545458,-0.09057457638345745,0.042433868591156186,
2459125.3454135275,0.9987835999953409,0.00041469860889619276,-0.03579492509242657,0.07589289047366869,0.0605110119310952,0.02250616613512785,-0.11707064551192067,0.1943449272148164,-0.02266043167048742,0.10463856290147283,-0.030439802704308547,-0.06831743219400907,0.060988297071162156,0.008088329630604225,
2459125.3461083034,0.9995497760914008,0.00041485776280785256,0.14350827764352392,0.023081859396987793,0.016377090105409137,0.03243529326343692,-0.12518776776191215,0.1574497363483895,-0.0490074632379053,0.03969133748617384,0.006487117122998249,-0.006014331436335015,0.015795791300966828,0.0036091023201655107,
2459125.3801522027,0.9998937071321466,0.0004679938465333333,0.1319098364655756,0.016854464908736034,0.020478732048312277,-0.06872463518707672,-0.05542589963473623,-0.05562000167161665,-0.04979954800388345,0.029780917625687315,-0.08879455891695096,-0.001604457092500598,-0.04146492257405955,0.02990049189400552,
2459125.3808469786,1.0000534227726945,0.0004218071987413723,-0.07396037732752,0.09532404632262935,0.0853860816535246,-0.038854409595341755,0.002646737530298074,0.022858926533605276,0.08549989252683865,0.1139887151200353,-0.027000341268078532,-0.03300014605442636,0.16007676628241915,-0.002848922580519678,
2459125.381541754,0.999706008307175,0.00041620289500091703,-0.011297672960018013,0.04119174312181639,0.07959059670804784,0.06795206656208423,-0.026827236475037267,-0.001422690332760903,0.03489767137429746,0.010958024349155155,0.011964802004404258,0.045190009703936704,0.047229547871676214,-0.036755727878005046,
2459125.3822365184,0.9999982694617382,0.00041546978230455346,-0.001967863573492524,0.07851089723770503,0.10891998335977728,-0.04504346530656575,0.014025626999887754,-0.01969845255961486,-0.018441151938243874,-0.0001846039119777048,-0.04188975526894901,0.053372271355264796,-0.04944549885989855,-0.10262902726629858,
2459125.382931295,0.9996905020008341,0.0004151930342222356,-0.02827224548119184,0.1109398313375131,-0.18888801698578536,-0.13946055626808815,0.21959699064881705,0.10610809229512169,-0.07852613241400475,0.0354767262295552,-0.04388495446443194,0.018171325707704383,-0.008127761450576762,-0.05166206853366954,
2459125.3836260703,0.9998064034045481,0.000415111207950207,0.027852170270441817,0.10559595871920642,-0.006569981962033811,0.0331802684175779,0.059454506253528876,0.028710932992527,-0.016013356620687366,-0.06776400497383687,-0.06346404550266242,0.17445618804739232,-0.025848797452613755,0.009497016763565068,
2459125.3843208463,0.9997659776926733,0.00041505753004913163,-0.0033277622898133866,0.10969712314511859,0.10623536673288579,0.02515363212677177,0.023141269463112082,-0.03552371765744184,0.08537703603191311,0.012752346144055836,0.03471873084668276,0.11651959957466723,0.04994550735032761,-0.009075288832415053,
2459125.385015622,0.9992811326600612,0.00041494479116746996,0.09257492625344205,0.0028422515824212268,0.0368095535704867,0.012132510070444545,0.0910573886173529,-0.08708011115452095,-0.04659328673684017,-0.03955695137622896,-0.11041895293391885,0.06663789303902665,0.04794713652112947,-0.020304414030915083,
2459125.385710386,0.9993944638791669,0.00041494478401120816,0.05080722315387642,-0.037712556626049935,0.056526976363537436,-0.02890085778627886,0.028994781310154427,-0.05203420026485403,-0.020691184143509473,-0.03799254295135067,-0.029127800950180683,0.05451833348706555,0.09987617650489149,0.026878113806409736,
2459125.3864051616,0.999492678502743,0.0004149270322496013,0.022837407349765287,0.027603787352339537,0.11518057905611244,-0.10164152058971612,0.05286089616918503,-0.009346075405831007,0.04704741433364758,0.024463544478023614,0.0542335319311671,0.05108710021113804,0.11494094078845933,0.009156925165819823,
2459125.3870999375,0.9997867701958175,0.00041497926892494503,-0.03621123163083817,-0.0033293097425096557,0.09410634784902865,0.07908973191111063,-0.008092552291983615,-0.07176739393748754,0.13196516258473484,0.10740976508201691,-0.018034844651375885,0.06781379143504204,0.030826334697289067,0.011415657919277325,
2459125.3877947135,0.9991287947334742,0.0004148551154849431,-0.13635853073233944,0.03995068273748397,0.10606495763021279,-0.010958443507960644,0.06501739044948748,-0.0538856374668184,-0.13377853120524663,-0.0024237715430241074,-0.028673241004780962,0.03953238016283458,0.011992504875659317,0.04790766835155962,
2459125.3884894894,0.9991060534869531,0.0004148398127657822,-0.05011016384641742,-0.02079588446402831,0.1614281098258584,-0.11163036297871952,-0.019308845873959295,0.04381833681456222,-0.05489641160096286,0.020414574458075145,-0.05044414787945224,0.05317191869392288,0.02085545188828447,0.07188964752419245,
2459125.3898790292,0.9995080152597938,0.00041491203927995497,-0.02772847828832217,-0.08920566756961926,0.07241150385815447,0.029853183947175208,-0.08442230536080991,-0.02900604776650661,-0.01834026814955944,0.0007405282907530584,-0.07829365418760373,0.09712318618397468,0.06491122215879583,0.12793089475965913,
2459125.390573805,0.9997681575251326,0.00041495263619148643,-0.04516134732514533,-0.036023012259290325,0.050814050914652485,-0.05935602239869415,0.05003427476389955,0.05253378520818335,-0.022619421852878477,0.0012894306755307562,0.01648854467349428,0.08052787835369672,0.07484781113497141,0.0014975223685882815,
2459125.3912685807,1.001198864656661,0.0004152255303510079,0.01889477132467041,0.0008811010721065585,-0.04524076712138466,0.002544944782583454,0.07690813964552158,0.1257683104187153,0.060660187109309836,0.03210695815977894,-0.0980142474209225,0.09861114774503339,-0.05783659536740988,-0.04840483124980265,
2459125.3919633566,1.0004580674138475,0.0004151002200711799,-0.06651313935040983,-0.10126241901051819,0.06640425133524479,0.005162930388722428,0.016035163239426876,0.05261239398365265,0.027746892842703905,0.04814668465535485,-0.04055745930354978,0.1251128786555747,0.0003727171047454821,-0.07190136098041464,
2459125.392658121,1.0002070300079242,0.0004150773285169035,0.052349823101931314,-0.05585186261571222,-0.07090566197998242,-0.005949677568551783,0.08818691727522097,0.03207634346861241,-0.02353120499977785,-0.04920470494774128,0.08197296621337599,0.08007451488430888,-0.028832119451368553,0.021483251598629807,
2459125.393352897,0.9999643449027418,0.00041506327349126476,0.0001356857780645689,-0.05419819990092382,0.02544107378521432,0.1858721590293688,0.016158657075623115,-0.10669443718574272,0.03128774027125909,0.02605089707907146,-0.028380936755906586,0.0673805010462061,0.01984051063183725,0.014121215675236434,
2459125.3940476724,1.0004372489852131,0.00041514239655972035,0.06647803575902354,-0.07661931423965826,-0.06957000361472228,0.07703197437550753,0.1052184463175504,-0.03392774810282362,0.10399376006559519,0.10907190862209742,-0.15953059436425046,-0.0663326040864167,0.1700405997002993,-0.041584021188071946,
2459125.3947424483,0.9995031997351578,0.0004149921079304426,0.029695563281675757,-0.11318161264944947,-0.04957046226315924,0.10033710169223364,0.1267668374943228,-0.07219288116134025,-0.07982637329932427,0.06739985664391242,-0.044307281880147376,0.058349939284110995,0.011488168076545574,0.009682308561808706,
2459125.395437224,1.0005401429246175,0.00041522038250961225,-0.06567968236699842,-0.19540349847137406,-0.037615432619956764,-0.050724883606897135,0.04379071227930863,0.118726120822197,0.11148485635090738,0.018487556943321222,0.17359087307805643,0.21564848441785006,0.09130263043063547,0.13064559311451449,
2459125.396131988,0.9995814970494793,0.00041501737602564,0.06538642224492816,-0.13672617580858618,-0.03130933868988129,-0.03933956203952316,0.007464623977676815,-0.0666610518645157,-0.05671145160597599,-0.016381365352954442,-0.057813814430436546,0.07298724693877078,0.08729629755390401,0.06740935216449498,
2459125.396826764,0.9999793107216797,0.0004150829055712107,0.11313168171067078,-0.018859006062429164,0.009165543268750038,-0.010319422162269158,0.015324709135632305,-0.05086434209552761,-0.01398323337675366,0.08998863841794708,0.13564786181729804,-0.005390613597353505,0.11235505172590972,0.03417997631239616,
2459125.39752154,0.9996820580135085,0.00041504095322075286,0.15695777698295832,-0.031601178211007205,0.04275356430640869,-0.0725167875659279,-0.05774074009100812,0.04820258614278281,0.07495009295605101,0.1096683631237496,0.039224712122901045,0.03838873607329304,0.03596057196911669,0.06521929077538942,
2459125.398216316,1.0001051761324518,0.0004151099851324006,0.06960062334379913,-0.044392647578606975,0.056804787283722215,-0.07013781319466739,0.005190795016493697,-0.01945257696679335,-0.03900136272356579,0.06826038721431886,0.09267396432841545,0.0033409466770948125,0.14185911270414417,-0.009241073347240033,
2459125.398911091,1.0004224568703277,0.000415180704982179,0.060044176165157885,-0.04679651415047817,-0.05683496122668429,-0.021741228080848125,-0.09102005681807611,0.026253674113746725,0.03763616068249324,0.06911925253485836,0.003996175463071475,0.11317072984544056,0.03901106445221338,0.04603000674559115,
2459125.399605856,1.0000657575992213,0.00041511260718803865,-0.025479797390386198,-0.018025968054044002,-0.23610581779173642,-0.13118470449843242,-0.03025692725159268,0.07075060207237893,-0.04221716173580798,0.004441558777527803,0.027455524841285866,0.03371747923916733,0.0755436738426532,0.008446333123492761,
2459125.4009954073,1.0003237538655516,0.0004151522573080944,-0.03947941404569026,0.048135534853535604,-0.043661367737107895,-0.1434851035660965,0.0010240678047010144,-0.04282785984204673,-0.1267224913716795,-0.03761356042274082,-0.12137996095129769,0.049713821019903286,0.01350277602773264,0.22451304586278725,
2459125.401690183,0.9989557555003241,0.00041514836457480004,0.05448615782043126,-0.04824990890695549,0.025947004829076786,0.06110499362133342,0.14067696016836256,-0.04246675627282177,0.05701846308137491,-0.016970482250608904,-0.012461081135973677,-0.032700978518479806,-0.010516882110627315,0.09058249769087418,
2459125.402384959,0.9987305906532397,0.0004147741962586394,0.17704260745031997,-0.02946818200222768,0.01105630954182793,0.13743719572631632,0.1366426498594899,0.057552401939669796,-0.04893912339859093,0.016004193289514825,0.024165962573101007,-0.035432727983145215,0.10901918904075354,0.043080964169547493,
2459125.403079723,0.9997866340517162,0.00041497234789874014,0.03982902514362827,-0.026846247614300496,-0.02353755406233806,0.14379905239530424,0.1890743610757551,-0.09290966995958025,0.0843223742616032,0.10185102873111998,0.005009703115387214,0.021860041140124464,-0.01667035656051984,-0.01883456879855619,
2459125.4037744985,1.000180487393703,0.00041503616031386014,-0.10251917117548495,0.05896591764807148,0.07493394862818896,0.07232847436870081,-0.012441253077088302,-0.03929212806150134,0.0010096028822504193,0.09657257594955451,0.17123196745200583,-0.026384210330677362,0.02240864976245713,0.10257086766627796,
2459125.404469275,0.9994590082994246,0.0004149275317417619,0.052907334040125154,-0.011404111325334355,-0.0701021518433007,-0.03953619732132636,0.030695819228230933,-0.08360826369078174,0.04029733812128873,-0.012229039703232416,-0.06028325168629238,0.06083417056729062,-0.04426352786485007,-0.04971775978699798,
2459125.4051640504,1.0000010638002703,0.0004150181614012341,-0.0853254410149466,0.07420185634708701,-0.10759134718089772,0.06789999407233371,-0.033253819721992234,-0.0501925923628489,0.04680514671867753,0.05322646358026056,-0.0146117876781254,-0.044396755750418404,0.03648777819053525,0.004625655067620008,
2459125.4058588264,0.9998345085604254,0.000414966398898824,0.025777610780489464,-0.024005328996521455,-0.11832692897518302,-0.0004284022892951543,0.017963646606198713,0.11484749592261642,-0.046162435769792134,0.05666277960861946,0.051347158826448976,0.053321754006432825,0.03846873819680029,-0.09204139066774451,
2459125.4065535907,0.9995122298701109,0.000414859152931388,-0.07386026773044731,-0.030288400873439533,0.0066588745418902345,0.19097302432933633,-0.04429667807909411,0.06733744214377382,-0.051674316802086076,0.02803807135576868,0.08545600869134445,0.07278414749333788,0.07727772085175205,-0.055894849336057824,
2459125.407248366,1.0008211289538758,0.0004151075593295403,-0.20049716189392858,0.10280143745189874,0.004914844083067439,0.06915970240581396,-0.022707598729507207,-0.21284006670784889,-0.17880301187703065,-0.07145326562515635,0.05366896683242791,0.20809134710840527,-0.1036506265051059,-0.0912164577796166,
2459125.4079431416,1.0001488232586357,0.00041500145645393077,0.06397486708544191,0.05768142312124833,-0.09694991912809145,0.007000087311870951,0.028934942943443627,-0.028465743292515475,0.005557573437800995,-0.06581094877753743,0.02808169905757186,0.06918408753641905,-0.020217517424885645,0.02722788041404978,
2459125.4086379176,1.0000789557652956,0.0004149901151852531,0.02708328575708494,0.023866521009441227,-0.04773376554077646,0.08801802654446542,-0.0841638117143809,-0.10196388857153221,-0.0668609182004726,-0.04617750231476739,-0.09753686111863138,0.10598446815086685,0.012528429395815149,0.08378724098125444,
2459125.4093326936,0.9998526257064492,0.0004149414485112878,0.011017258670364712,0.1265977076345171,0.00794650472309638,-0.11131476227569079,0.00959556697132278,-0.013477350408859617,0.038272620596429156,0.08646125971197666,0.04817285672627737,0.0353521721910348,-0.07627386777512728,0.01615490748329275,
2459125.4107222334,1.0004589084511433,0.0004150551241095176,0.08673633943482416,0.04645994116134808,-0.014905762115090643,0.004248663808443557,0.005252736408063269,-0.01069214934271481,-0.047818427638518055,0.06085782947041655,0.022573026736372046,-0.05761396846289357,0.007845647091225873,0.02766031167612211,
2459125.4114170093,1.0000047293245617,0.0004149420667879194,0.025402648517518243,0.06904728769741154,0.1374250398135282,0.01980798681001772,0.016908294157997775,0.0651176260976634,0.0528825165247956,0.08661179139593167,0.06832225359467871,-0.005176879782691762,-0.062036558801847407,0.11112537677461481,
2459125.4121117853,0.9991683224796531,0.0004147639725059345,0.2235339795655186,0.018901031065041384,0.03159825844669163,-0.05081991800459499,-0.10010657032527738,-0.05160792137876026,-0.006852062319965138,0.04792164168595901,-0.06432495412036109,0.0553435202832366,0.04675695467066032,-0.10046036323521311,
2459125.4128065608,0.9994776091812764,0.00041484700002515,0.06180300262690885,0.0387949814174281,-0.055645148631236326,0.0007798059558202118,-0.022453698268056904,0.04959530226351275,-0.042300490115185115,0.2205852729139231,-0.11702343451276241,0.007642227055626344,-0.04629098931061833,-0.0029710718273009214,
2459125.413501325,0.999496141923128,0.000414809047552287,0.007186453519860136,-0.04943824229116393,0.03612206197822923,0.09464488736398026,-0.0036911364141024266,0.07831341909337998,-0.12873795925209552,0.13373400153512607,0.005562863874808866,-0.0966636527283461,-0.09015432814919075,0.07339087690927983,
2459125.4141961006,0.9990913682605265,0.00041473970991674964,0.01995231305742009,0.16162731671148556,0.007333971344670959,-0.018193226896197002,-0.04103925148140785,0.04361053788747965,-0.07295279861912254,0.031221479009005033,-0.013446767175054579,-0.08202987917882607,-0.022835800302009986,0.11236820831682276,
2459125.4148908765,0.9995145853995995,0.00041488316500664274,0.02990144548946427,-0.02691259689166328,-0.004516221855690343,0.050335695229335765,-0.10950707183864926,0.16589741381449374,-0.13732410583774174,0.021733243516511163,-0.07217028873947082,0.009215736038933588,0.016574080427998534,-0.07140480473426687,
