BJD,Flux,Flux_err,theta0,theta1,theta2,theta3,theta4,theta5,theta6,theta7,theta8,theta9,theta10,theta11,theta12,theta13,theta14,theta15,
2459179.9388267603,0.9997267974078301,0.00041511747627755646,-0.10071339540703535,-0.1939567617271438,-0.023382092476912992,0.027158156533518885,0.28230028011226793,-0.03527305976167836,0.08000805234478807,0.08673859245769552,0.0697939895303509,-0.05791851493577293,-0.054021265300553754,0.017699809324270656,-0.025108553082448776,-0.04972312356746506,0.08137716855134594,-0.05376932406228219,
2459179.9395214873,0.9999331632669697,0.0004151654959990367,-0.11175590688678126,-0.10313280274962848,0.04190323161822041,0.03559579203411627,0.22522929202646177,0.1655489790849958,0.010547672867858564,0.054023410471467505,0.022628681904256723,-0.04133529954366355,-0.13619784098494359,0.06916738001138908,0.0741206312927991,-0.06351688300374773,-0.09779943773430375,-0.0583495131643087,
2459179.940216215,0.9994816223742395,0.0004150967094743643,-0.14491618234315573,-0.017522044074407633,-0.04390895943761365,0.011871624660038767,0.07858524575177167,0.02285639235173316,0.050237312912502684,0.0028216402739617563,-0.06818901721366075,0.011173980854127782,-0.12297300260915926,0.016934563877107282,0.030785380758244343,-0.07547430201958413,0.013464171165387097,-0.05860420026425141,
2459179.9409109303,0.9994485480211529,0.00041513410947203045,-0.14724007861490251,-0.03803926088011682,-0.09218251136068832,-0.16364036761772385,0.022614478515689318,-0.0683966745442399,0.008811453380056405,-0.014992260630706244,0.015296306030496582,-0.17794269085097977,-0.1335991768129433,0.017940668870570244,-0.011537468714357244,0.022244613937678265,0.05413030451770229,-0.06301891082872238,
2459179.9416056573,0.9992475082028002,0.00041521434014744,-0.12407874320155086,-0.11892987648204296,-0.016084300107410975,0.0002640162916484871,-0.02193641566567439,-0.08051592637971133,0.1354713826326273,-0.044262533516995606,-0.10547066842862718,0.01939544678420627,0.041329187930269684,-0.08249052558123064,0.04794618170746583,-0.12877798727855858,-0.04323738987251296,-0.06007162484915452,
2459179.942300384,0.9995882254282425,0.00041537083278005957,-0.10569223882401757,0.006362045226872379,-0.07547252196138378,0.011965970923152797,-0.005937353929625855,-0.01712039242201177,-0.027803877324512775,-0.045885845331385344,-0.13941822346413685,0.08473075889666497,0.039610668719469055,0.052591960554837086,-0.04709159154775909,-0.1574747904129412,0.015171215176523253,-0.06219995261084034,
2459179.9429951,0.9991656676034145,0.0004153110726847876,-0.07709384846029241,0.054007269301070054,-0.13970746164984488,0.019215493431517558,-0.019029727114167547,-0.046368131846913865,-0.143655996032181,-0.07581089314421567,-0.018068912017839056,-0.06653495216657236,0.0791243965687255,-0.04794859502283129,-0.007559535882941384,-0.05532478630978227,0.0026701482726275566,-0.060882303075837044,
2459179.9436898264,0.999564633096058,0.0004153716173069007,-0.11648430889379166,-0.04845043697170581,0.02091243042391414,-0.027004247607766485,-0.04156722259558884,-0.07392880468160587,-0.10076593066796115,-0.08082681977009927,-0.03782581046784228,0.011502208064228303,0.06909436655591605,0.0011825183686330135,0.04157089323719988,-0.08098058534910445,-0.06380530187493555,-0.06308985916805623,
2459179.9443845535,0.9988114563879174,0.000415216667157144,-0.11097531912783334,-0.071957147980664,-0.015655773828564323,0.11042303267688539,0.05141253831864398,-0.05610660964514487,-0.107515055014041,-0.0393445989130139,-0.026806767244075713,-0.08979883851298293,0.040565502144990495,0.029950626933383635,-0.012468638537932078,0.11212342611825302,-0.08348841069510879,-0.06344536565976176,
2459179.9450792694,0.9987329197025723,0.00041519697651057466,-0.14618470399164038,-0.03408287510935165,0.010595761065536467,0.0932758933804605,0.12870951352335824,-0.09149411757044147,-0.00872598401891167,0.03304418828602052,-0.0149453513308907,-0.08100526680268541,0.10731965848615264,0.0016429788661166608,0.04331221840369028,0.08178692479745078,0.008789402722577055,-0.06277046836798143,
2459179.9457739964,0.9993391587078085,0.0004152602521876468,-0.07919385111593162,-0.01634013374722848,-0.051879286680186404,0.012913699591402428,0.13765358142536685,0.022652225181424523,-0.021165893561464505,-0.01838609879006532,-0.039083424864227806,0.04440523619727399,0.09375196884186977,0.03244628820236255,-0.01808806474768069,-0.011394698979450888,0.06845168507867609,-0.06158258845036518,
2459179.9464687235,0.9995234860465602,0.0004152015753896149,-0.07929518799870701,-0.028987931056866645,-0.004537830876332527,0.043239793568909335,0.05927962756630918,0.09211442737490479,-0.11363571398511871,-0.08084906800539989,-0.009394263539029335,-0.007395466135374451,0.0436338229933584,0.08326616327966219,0.026676328379500895,-0.03281595749975222,-0.06309558609553521,-0.06183045962627283,
2459179.94716345,1.0002720571994592,0.0004153578921532067,-0.0944442546746534,-0.08494354713361879,0.08071479486897998,0.06947890028260931,-0.059738677844789874,0.09395844356244766,0.04655647361020668,-0.12529971906346196,-0.02682233631494024,0.06473415032370075,0.07647169801184382,0.0011391888270162894,-0.0011984680348813906,-0.17116806237254104,-0.0485042426951299,-0.06147764652774572,
2459179.947858166,0.999609503726721,0.000415197617516391,-0.12491359303992208,-0.02698758148040037,0.0851045994143579,0.029292175652881048,-0.04518133806930142,-0.06535212679764352,0.10652229982531058,-0.09718137461904233,0.07562364992417686,0.020450606806229676,0.023248699744852934,-0.07323532822461212,-0.0051066696773596106,-0.11302727124512256,-0.06985093840605008,-0.05755847345710157,
2459179.9485528925,1.0001303630660787,0.0004152846128200996,-0.03649202494904332,-0.009441964847289513,-0.03642835873485628,-0.04663184705788018,-7.147807032196011e-05,0.0852599962456399,0.04905423820724375,-0.1443277852698973,-0.04412589444793052,-0.02649439630557833,0.02809583450105924,-0.06741825108494132,-0.06310097495981781,0.052566841754742126,0.005503579210886511,-0.07122540019064755,
2459179.9492476196,0.9999393039704347,0.00041523145754914897,-0.0651693749126863,0.01064110920795145,0.021614414928188896,0.05289817590974066,0.07245167395543535,0.05603482144611338,-0.011127764977781618,-0.10347944372413093,0.012062982230107346,0.04150861192216837,-0.029071235807803096,-0.05082862106858261,0.06711864569723601,0.037671138077751236,-0.01072797899664557,-0.06698688939415433,
2459179.949942335,1.0000840403087359,0.0004152795831739664,-0.05762453985683461,-0.002281791340756373,0.0206499967424551,0.0008645186371610825,0.06926799410459253,0.03583155883376782,-0.10875900112202136,-0.09122210829173306,0.07060494061704388,-0.06248984858961143,0.07384796035110683,-0.10529288499250189,0.03731600879469466,-0.019800885124351245,0.026356244356116373,-0.06316783792208808,
2459179.950637062,0.9997270612432778,0.00041520178806374504,-0.07264516709625578,0.008696849719524037,0.02660941867948676,-0.06836836086954726,-0.010901238900227378,-0.04257791255019133,0.018100037680353176,-0.1289283991628147,0.12947700515519242,-0.04929005861335456,-0.017026827049743017,-0.06700847067411542,-0.1285196391298674,0.02390008277278925,0.027750605550921903,-0.06728848005792097,
2459179.9513317896,0.9988449901405964,0.0004150061772497631,-0.05893988007575156,-0.06481024204222839,0.007514362769310001,-0.034520254519334076,-0.026076449743451795,-0.019510439567121313,0.07391868313003153,-0.1739930159585823,0.02524684708530025,-0.07877484472677991,0.031185537034004337,-0.0007326261815386315,-0.04076017525803144,-0.013714436850673304,0.12450882063283387,-0.06849585893597174,
2459179.9520265046,1.0007675436710897,0.00041540551359361906,-0.042315229807436884,-0.07606667469935674,-0.05789771281855264,-0.029354689758740973,-0.00988724885300369,0.04784568580741466,-0.0339647811763959,-0.1893653757543784,0.06968517480831224,-0.02308674556493983,-0.021464925939256554,-0.0320216370554824,0.04174865061519209,0.06420348818404031,0.11066188353477,-0.07030058778868421,
2459179.952721232,1.0006560427600224,0.00041539918302645494,-0.095035853803576,-0.12394591116252485,0.019170530705738265,0.021352307771672515,-0.04710653749550072,0.10874264015246665,-0.056168108994230914,-0.15328135380430377,0.016138723406971825,-0.10648744307880247,-0.02581993329041244,0.03627457423346636,0.04594246690839338,0.0019933136043332315,0.03223203533865119,-0.06743653613355557,
2459179.9534159587,1.0005551606679721,0.000415449715118592,-0.0814757408640115,-0.100737376908603,0.1088385879991562,-0.009944974697289558,0.023038704885324997,0.010622828771919307,-0.07177830891019424,-0.15238647368116154,-0.03579637924525649,-0.05744147882500506,-0.030076345952089592,0.01758001016821853,-0.0957230353943315,0.03747661544083921,0.07319493542272812,-0.0679914541786064,
2459179.9541106857,0.9997962960846777,0.00041550279811207675,-0.1081556588083729,-0.03906608075414511,-0.06087344721993018,-0.07700074191313852,0.14013472026561355,-0.06863917647321172,0.06266552311746676,-0.02158074407688824,-0.020991476250845797,0.0032050281360706833,0.032537962770633824,0.06996669746302342,0.08732061479103696,0.05497072235108705,-0.0037751790496828586,-0.06458080068051049,
2459179.954805401,0.9994978091297556,0.0004157294847858065,-0.08912662943177159,-0.04491129436348184,-0.042953118309911845,-0.09089636431225667,0.11733632860844459,-0.05559313323756371,0.005080085188425287,-0.04378791676972884,0.016511501375786657,0.01109897734175672,-0.025960412288929074,-0.014191565081697971,0.07568643315248018,0.07499688270447928,-0.03535505843669423,-0.061549602251783624,
2459179.955500128,1.000392689676377,0.0004163917611186184,-0.07389801348795381,-0.04383859505678172,0.0942168978186585,0.035836773373106895,-0.020420647582308448,0.06747347145186147,0.0389329440173882,-0.14427408168732367,-0.02847584217933464,0.0025853988000023613,-0.005975070157906504,0.004820132621889663,-0.0038634947362286565,-0.05463423488493257,0.08900974757817887,-0.06455743190768841,
2459179.9561948553,1.0002470872095341,0.00041709963128723065,-0.03704078454499785,-0.08288905359974273,-0.017329197148581887,-0.040665523710654836,0.06809825620037085,-0.025997154873494355,0.04838635910807153,-0.13154411206592287,0.012044875997037099,-0.054615829022526985,0.0001848484746933714,0.05382611897023956,-0.09664904910089647,-0.018409024039256955,-0.0615561657784901,-0.0688952334344611,
2459179.9568895707,1.0000469953277562,0.000418257693883533,-0.02096140727568673,-0.08279402537902493,-0.04538004731907652,-0.02431808395820836,0.056584503244148175,0.10397898239335436,0.024031935588857786,-0.14610637038725546,-0.033132035801169274,-0.007035564228329043,0.025666230180708446,-0.0147161686601351,0.00397328458208434,-0.0010461015430017903,-0.02933853067692191,-0.06854980599983755,
2459179.957584298,1.0007861603703347,0.00042073863032481235,-0.012111985520412672,-0.05140713921959674,-0.05648534288882889,0.012143359068365006,0.09823652636811707,-0.044662274728345636,-0.01527497217483392,-0.11713852735720119,-0.032435656360730314,0.012065482006696151,0.02158730271048633,0.11122363334044917,-0.023279437693194155,0.038824360630174776,0.02346978968986091,-0.06699026358820903,
2459179.988846851,1.0013977667401202,0.0004277768142825503,-0.002695408125283979,0.014592359567965932,0.07987686540656125,0.059832450361429285,-0.08592429163035503,0.07769813540109245,0.0760804080982786,-0.08332420099741936,-0.014486119608609564,-0.10183260256498364,0.011969797489681008,0.05342174863718544,0.01776177556564429,-0.058638427610034474,0.012996155251215002,-0.06526438879889634,
2459179.989541578,0.999226632111962,0.00041664286463194883,0.06921717784769772,0.03538577941052289,-0.010032061667557629,0.18913894924187302,0.029754387110794926,-0.06715632775613846,-0.026706982437935418,-0.024200575927797598,0.09449061109451187,-0.16399405169590756,0.0009466013606841397,0.10703125156068936,-0.04411539110716206,0.05738315912480299,-0.04248432139625542,-0.06918123633456272,
2459179.990236294,1.0005106288835584,0.00041572911262352925,-0.021839068294572248,0.12673994687575907,0.10734493511959693,0.05403983854325174,-0.05456099514321769,0.004451466959372221,-0.0927068089818708,-0.01697144359460883,-0.03850220431876202,-0.11145293750430948,0.05411086957004698,0.03658228448445512,-0.016035607061348878,-0.061540322600904786,-0.1250748998221784,-0.0645516280444863,
2459179.9909310206,1.0009460932966683,0.0004157005524748213,-0.0022211801601762786,-0.007195790611750881,0.14330217413959567,-0.05868016984837973,0.03154105369316685,-0.0014356859515335793,-0.02420282949905919,-0.05381119066666398,-0.10898150000488518,-0.06825398158256225,0.012353107336431952,0.08060506502063809,-0.1511740153124005,-0.0596255823857835,-0.08447612660499829,-0.06542324436718046,
2459179.9916257476,0.999624777789975,0.00041540298949151015,0.017455592813241567,0.04853832310779457,0.03720132312913523,-0.03919799417475999,0.025384784370615632,0.15449666805887657,0.023168321415988607,-0.04767977041643139,-0.013470667257354373,-0.002237544695896916,-0.03442751543687212,-0.02073495047946316,0.09375090809617054,-0.00512165166955537,0.003416599095728237,-0.07252439661773677,
2459179.992320463,1.0004039572199395,0.0004155162348797703,0.028871450137170355,-0.03376298515170429,0.09043065221905094,-0.04654667419561068,0.11320148144561086,-0.06981620775682121,0.02893174817496522,-0.009318233067340087,0.02370943376380287,-0.004557752997315047,-0.011422493563632853,-0.03421615711420014,-0.0017442493507782127,0.016700255181299913,-0.016907664376257486,-0.0641687832588892,
2459179.99301519,0.9998286650148444,0.0004153811885298711,0.06054749072636812,0.07594774380772065,-0.06920990007731856,0.0086559632344348,0.019886981334960484,0.004708537953099698,0.05751452171443071,-0.09930133072025842,-0.03923004291855436,0.010566455704272792,-0.0376751582190894,0.20132506706077113,-0.004553089483084145,-0.009366583113139438,-0.008303971558538086,-0.07028902345172115,
2459179.993709917,1.0005528132337618,0.00041547594162211335,0.024972059625336017,0.021547288485447666,0.07588604506452358,0.02694087446380965,0.060350440769503,0.028007182805637226,-0.10662728587752203,-0.058058450192107945,-0.048842216123050404,-0.04181143645000028,-0.08314469100090538,-0.0450826999798769,-0.058072289738482656,-0.05429375648628566,-0.12940963240830156,-0.06988806460865035,
2459179.994404632,0.9996439294342305,0.0004153073217016473,0.11194254543324256,-0.09395012816665853,-0.05773967470779872,0.07608047351812454,0.16688694881267688,0.0186731885872598,-0.044733409512181896,-0.03324302470691985,-0.0892959076871028,-0.03240631699900965,-0.03332768262046816,-0.06453036406317174,-0.021028320327175155,-0.067780810956691,-0.016224471767763534,-0.06770596822004787,
2459179.9950993597,1.0002217306256895,0.000415380572285526,0.00929548826092802,0.01521795690574593,0.09326769216579173,-0.00906781211873077,0.11176466324936171,-0.06914371710331203,-0.01288017254358047,0.007229719817377573,-0.13610266716861472,0.06762064158897921,-0.09672552627156264,0.041177504034652174,-0.06986233939634753,0.038085751726562915,-0.05953738765682657,-0.06626184235927207,
2459179.9957940863,0.9994252594189441,0.00041522696507378774,0.048952633522818624,-0.0211980827921735,0.05708396766982711,0.048832850372029696,0.013315327858104147,-0.008749894197595122,0.049581286924601765,-0.08738643913857994,-0.09047369263951918,-0.10453084894652157,-0.008266069977372564,-0.016991490984265716,0.08674059054719203,-0.014642412068207664,-0.08043684751483413,-0.07150412118264922,
2459179.9964888017,0.9996633440735231,0.00041524437657522326,0.07625897188468331,0.016417438833141586,0.05661562783469569,0.0848394393366362,0.03665458720874079,0.016444797172202794,0.01809333309300468,-0.04234063128619931,-0.12407019910055994,-0.03666915256568345,-0.0009685921979456191,-0.08360101576972193,-0.059068435590642454,-0.03572633996935128,0.04467149717616009,-0.07043402809658093,
2459179.9971835287,1.0008269530428435,0.0004154445808182831,0.04943169793537519,0.02466177496502265,0.026546376232579834,-0.01889929242072748,0.07001389585222471,0.01190200617126087,-0.012255214429170803,-0.08300576156995824,-0.08653846267236974,-0.043913198922759855,-0.07905135266181741,0.03664893198618535,0.018353044946034104,-0.04613598427226081,0.04390003091421544,-0.07046775972101944,
2459179.997878256,1.000330535774335,0.00041537805328727243,0.06651589364155508,-0.020681259574372834,-0.14983375246013705,0.07761702098394771,0.008433478383712237,-0.03675491966302884,-0.048990554136275816,-0.10275727950979612,-0.02311226483458519,-0.03569782771619581,-0.10665171558542909,-0.1133299279831024,0.11797153491251704,-0.01711943002876531,0.020856990671488412,-0.072836118849902,
2459179.998572971,0.9997832481743176,0.0004152288804859907,0.03441079475162891,-0.09525708560679183,-0.005316345372623306,0.06923901349171842,0.01105952369504384,-0.09432596491790167,0.0778045780186868,-0.09856800360795413,-0.11810184723596996,0.11739272274624273,-0.09363823178276184,0.0019459219528079378,0.05707671982872157,-0.09930821694793006,0.04218022259682023,-0.06919629242241518,
2459179.999267698,1.000180978939389,0.0004153110021366516,0.0024016280892759276,-0.011003046381692633,-0.010510688166452412,0.024288644408023835,0.0017814416144923532,-0.015294013233817471,-0.00398122771767905,-0.07954599255371678,-0.02720753751957515,0.08222110534350612,-0.14173308830425127,0.05622557176045078,0.01514089210503549,-0.015371146445854125,0.0036723714626649587,-0.07207193636230018,
2459179.999962425,0.9987412520832014,0.00041501814086083224,0.01587450845813115,-0.04948894202450128,-0.03064698954799597,0.040693814464099656,-0.08353768916318037,-0.07765502068346782,0.035659503071912846,-0.07141030157453189,0.013291127858451775,-0.06664092719625611,-0.02998803596917104,0.0639788962008297,0.2152550091560331,-0.008398237042432402,-0.018741043410202076,-0.0684287363531438,
2459180.0013518673,0.9998359213829215,0.0004152154287888097,0.04619024214511373,-0.05405872138251982,-0.014479554462242483,0.12010606028567636,0.0598805392550168,0.018613628228820765,-0.041473266274153237,-0.05422446694631032,0.041318902166805886,0.0715829786692784,-0.0665553216827372,-0.06591005302319695,0.05545700820261275,-0.019782503110759977,0.04160771061707362,-0.06986720542778545,
2459180.0020465944,0.9998859854178294,0.0004152258721968405,-0.03062689650752027,0.057453059716589205,-0.058629975338114954,0.08747313976048138,0.031119629804857916,-0.01030886640098593,0.06867863003919296,-0.04128079600455171,0.02543851327393127,0.04387923383161399,-0.12554294416837736,0.013552802897286699,-0.08597436707775138,0.03587831241683546,-0.19010201213128458,-0.07154791287847344,
2459180.0027413103,0.9999299719214357,0.00041521787830207414,-0.0368667424935626,0.03201421532345687,-0.061120110588541096,0.11612891413915243,0.00942486678756309,0.018961409093101168,-0.013564649445079386,-0.026814335480310664,0.07979272182315504,-0.048750025381816574,-0.10150138026860075,-0.0339467233847772,0.016165378758656535,0.015703657618535625,-0.03325130884600859,-0.0656078980476416,
2459180.0034360373,0.999311761038704,0.00041510976936895617,0.02134772267091003,0.012466080824141565,-0.09473622256648181,-0.03323143845582535,0.02354171094939269,-0.01023666568789439,-0.019711032000356427,-0.013724715646177221,0.08343334307677878,0.061985013312341866,-0.07349528278241277,0.0416545857760248,-0.03967475387144438,-0.02723116713953042,-0.1121076852539273,-0.06902339195072424,
2459180.004130764,0.999985415900976,0.00041525897755556525,-0.061138248347556386,0.06826599852509901,-0.0458846309544669,-0.09369132268429127,0.008777603354437143,-0.003088603294518324,-0.0024240123542911157,-0.0022718482275479253,0.00825242208352031,-0.069436044319827,-0.05509253408818891,0.0028907041727082717,-0.020489657085817375,-0.02389936059868497,-0.04475598254326631,-0.06528813233379226,
2459180.0048254794,1.0004023324138935,0.00041527122349529165,-0.028757774848404357,0.011582329489589446,0.1037611263946628,0.04650806613149657,0.03117907965925694,0.04633521922806027,-0.042273807619945605,-0.011536146829863932,0.016503658114956167,0.174768115110462,-0.09129102786218767,-0.09917244509883492,0.03450969273845528,-0.02082352240276888,-0.03637898091890109,-0.06602330126130833,
2459180.005520207,0.9992857533562595,0.0004151163817928905,0.015805377880014963,0.10595476616595655,0.001776749926982571,0.07057255686248941,0.015614347305642266,-0.05242885037777123,0.01657396858633731,-0.018379095908466637,0.10567949111455699,-0.07893868349668504,-0.025691409175035065,0.05355882317047462,-0.014460924309332381,-0.0899554915218113,0.03465109336650818,-0.06346954049938397,
2459180.0062149335,0.9991443611870018,0.00041506483712455195,-0.002501658621642467,0.1266218605661141,0.08347207099140737,0.09604534025371184,0.15448596525393932,-0.10868951931570224,0.01866426839963133,0.053343899419514555,0.08281680209973892,-0.06939694360371955,-0.006855342192211259,-0.08944960672466604,0.01938685425375829,-0.11108691314911721,-0.01132494012754283,-0.06967195192670565,
2459180.0069096605,0.9991734694346648,0.00041505175634765616,-0.04266827399979894,-0.034402923211773184,0.055320351928786156,-0.0713239684109836,0.07216731519162059,-0.0024456765129133207,-0.12399630999990974,0.053026559440966924,0.1491934139797423,-0.009206828208697587,-0.012514722347037188,0.005217076268196029,-0.021029494796609472,-0.21275611418315168,-0.02574658096406253,-0.056561549072866625,
2459180.008299103,0.9990500518440916,0.00041505488722205986,-0.0692626016692176,0.11030578340148675,-0.0002231532049848319,0.01965079739722597,0.03454409502240528,-0.024370537004945594,0.058020957898253143,0.019776765041759854,0.02527589416824295,0.030268132277903488,-0.09869748919692863,-0.0978116467653142,-0.05602857339710009,-0.09476436238540062,0.013055841376410445,-0.06256948922010937,
2459180.0089938296,0.9990249102446641,0.00041507724648455046,-0.15081725194831877,0.09304700748312575,0.0026053660661360654,0.06908306695951952,-0.02357864797121509,0.04490743736238771,0.015052247071083295,0.0217303726572772,-0.05006791835651621,-0.029365214185459905,-0.14051711398042124,-0.08047497107935675,-0.007847347597922822,-0.022062145211609815,0.06526712797261724,-0.06572796076919613,
2459180.009688545,0.9983721916537389,0.0004149851964192052,-0.13490534991910452,0.07077229931755429,0.041751394857731675,0.031564505480953325,0.012869245446637746,0.007769965531356119,-0.13324643718255288,0.03284214666969651,-0.08121660011177947,-0.06382782260730498,-0.06519492604700722,-0.03943963332502159,0.048176757726429195,-0.015525037250486009,-0.004589391668893037,-0.06261752479683187,
2459180.0103832725,0.9994211173800084,0.00041530821398988763,-0.1330229849497566,-0.05327542414333196,0.002883234956024276,0.02412577152034899,-0.0463806999930264,0.018485972133496724,-0.05422922020605573,0.031206016582572476,-0.09234870233254838,-0.02567007381848129,-0.009068645817215988,-0.014103684142862687,0.10503957587620774,0.00921500134271778,0.036670743040565,-0.06319768096434625,
2459180.011077999,0.9993160447279199,0.0004153501193610616,-0.08395150762838331,0.04099784555780753,-0.09301991976063878,-0.03155512853564091,-0.041985273124705964,-0.07329354669845906,-0.05842956553306317,-0.0036423204837345183,-0.08421320660787229,0.04449371969995004,0.05051145807185637,-0.08932904704049927,0.011905060978045376,-0.1352637814602996,0.018309667240529338,-0.06438687420333251,
2459180.0117727146,0.9986655785809456,0.00041525714910394164,-0.07778236463644787,0.04932929886486439,-0.08383229424790943,-0.03900804253101803,-0.05174336202212884,0.0838289548379093,-0.18648647691735845,-0.016288421784331975,-0.02532673310223694,0.021646404123924313,0.09565901862719993,0.06990002523716113,-0.04843311156485986,-0.096184736961854,-0.027270522848938914,-0.0633492758098204,
2459180.0124674416,0.9992838179759538,0.0004153654338885647,-0.14727640545299492,0.022001639672021348,0.02066709561871335,0.032740342786677694,-0.004109037576418759,-0.06850380365798076,0.017245324558732133,0.041262200764108664,-0.021034102376682937,-0.07289149330582795,0.07669167792655639,0.09791660788005115,-0.01190969060116019,-0.004809901569257071,-0.0327527367551326,-0.05980187620939241,
2459180.0131621687,0.9989776054979553,0.0004152924171547402,-0.10339584706014314,0.02393489306554894,-0.034441044684299066,0.11428747161917205,0.03754411143243317,-0.04431186589888272,-0.07242642407777317,0.004413565990566454,-0.01893786493392733,-0.02051485575008596,0.026395196989820877,0.03401308345284806,-0.09602553831592674,0.15045759988120325,-0.0046251969069192895,-0.061905038812370625,
2459180.013856884,1.0000574952314318,0.0004154445826572607,-0.02132332309341537,0.01679303791041373,-0.046918557968150976,0.1791162412918013,0.15578784996438072,-0.03682072430165962,0.043554399445770435,0.05629691193682265,-0.04079099480880544,0.042958364396740466,0.16058735589500356,-0.03377020296467507,0.0024660241077080706,0.0912023400983535,-0.01052810657973469,-0.0656618672224896,
2459180.0145516107,0.999820969829771,0.0004153441885516535,0.04375980086858664,0.04339308730123184,0.04683922456005876,-0.012094286507945957,0.178398533620514,-0.037670546901234045,0.034222337068399965,0.010891559092490736,-0.06375813077071822,0.11320241399148645,0.14161129934449299,0.08790442706821056,0.006707714831282361,0.045514492336884295,0.09282377064810282,-0.06471928365940902,
2459180.015246338,0.9993266250303353,0.00041524170364615225,-0.05225933048436048,-0.042256252412660886,-0.033196520497036974,-0.04837655592391494,0.04168934370005113,0.03559717514383844,-0.017470267527271707,0.012398012966552404,0.040079535452246184,0.08513286118170887,0.10881160896458378,-0.032645056128044136,-0.037189931885989416,0.004079633274451162,0.008693733754711481,-0.06413947049687645,
2459180.015941053,0.9997460296525977,0.0004152552172122072,-0.0843533664039109,0.0658380432421174,0.09505245260464279,0.052071181766986524,-0.014746649507295012,0.08537795783113106,0.01701178433532204,-0.01161800113861975,0.0366547553688505,0.001039835766803766,0.023123549807971728,-0.024539669142873238,0.05460046123063788,-0.11065609545768046,0.09102289401384,-0.06247222950061343,
2459180.01663578,0.999596652417114,0.00041522300273592443,-0.05682027955239747,0.05721427302013411,0.07146841548024946,0.05205585962005614,-0.057532017504354126,0.013503347338479493,0.06595555105545156,-0.055106912592835844,0.024388654093557467,-0.0004333379327204912,0.07009064626528513,0.08221291066194297,0.03999650747207223,-0.11497984405486404,-0.07516509902186434,-0.05936653615924006,
2459180.0173305073,0.9992335992434561,0.00041514826620322673,-0.02343083857181932,0.05387251663181577,-0.002210309602565141,0.0438406355115309,0.00724272107070243,0.012884667766918394,0.05535021312754803,-0.06157934217523867,0.06666693188631652,-0.00594016401738677,0.016782290816362712,0.011034967411836686,-0.027642815671241418,0.05205700524394423,0.04688118794882172,-0.07031416555722642,
2459180.0180252227,1.0002345023513186,0.0004153397598425332,-0.04262322479098875,0.03416055350189954,0.021873202784570826,0.01268554222982337,0.02923807656245485,-0.04921107102274597,-0.007616880771467856,-0.041660417211558436,0.00805223842710655,-0.0015696174045720884,0.010796109308880114,-0.018504304276044874,-0.06932659951072853,0.055668839063288136,-0.05867183282418445,-0.06687019112086988,
2459180.0187199498,1.0000181394787553,0.0004153010240756596,-0.016415815091481333,0.07719153817946098,-0.061561397661436694,-0.005282836446097416,-0.0011033441589625309,0.026925574614130508,0.004071062245076978,-0.06863977776410878,-0.05633059806045899,0.04713564974066214,0.059894730960558376,0.003218572677342282,-0.0003780357689196393,0.04724583278126001,0.11931215962827248,-0.06967270226549253,
2459180.020109392,0.9997295941822657,0.0004152411913499363,0.004314471138917478,0.09270535863095576,-0.06773002241018343,-0.12065469690014546,-0.07365869357114153,0.03737176055614367,-0.06403514631994559,-0.09401495447215785,0.07662628236912984,-0.10860421602009342,0.015949031813551576,-0.016128754801092854,0.14974470097755718,0.0023745121696978717,-0.14539138229596216,-0.07144407187039824,
2459180.020804119,0.9998451669112375,0.00041526280896699095,0.018542716449447105,-0.013154234501325105,-0.01191849076447152,-0.004681440840648458,-0.06164529111759244,-0.06818866938777358,0.09573042973815454,-0.11437690856174423,-0.05300981779532767,0.015632519686381793,0.023086696730299394,0.04335133070538922,-0.10400109720490026,0.052750097063018545,-0.020115335759179148,-0.07090089896830035,
2459180.021498846,1.0007865973279313,0.0004154858687921836,-0.019202501474383224,0.05987085181598349,0.05850863626545892,-0.09097522871723031,-0.0473219747544995,-0.1359817600086207,-0.0022610185847985868,-0.1181028298809674,0.05491733040396974,0.05664133327422554,-0.013831818462145836,-0.005407879262124509,-0.0942956167299613,0.050867520166049354,0.10888686230498089,-0.06907586268574807,
2459180.0221935725,0.9993961947115615,0.00041526347375670517,-0.015399389660236774,-0.05176534806491393,0.12301245732525558,-0.06496380458750213,-0.02029404918081088,-0.041873641407789555,-0.043099564883577184,-0.09164870815653353,0.0048441197351119574,0.05974782064407107,0.01598058716606234,0.0058293272518610524,-0.06650877222565836,0.01430546261834015,0.07879910786622733,-0.06698706627606055,
2459180.0228882884,0.9998899510565733,0.0004155402036602509,-0.02318256655575444,0.05294862708960509,0.0206320718818218,-0.022938350960916253,0.14003341500166575,-0.02616402075561786,-0.009650841591244809,-0.026098832647815446,0.013262266212060623,-0.041699349836680694,0.03786406555565689,-0.06784156912745093,0.11772695591528207,0.04572443361388285,-0.055643765344086916,-0.06941921759424474,
2459180.0235830154,1.00051875962059,0.0004160508170975146,-0.03912659420627131,0.10434310674931176,-0.031885946998920695,-0.0989312383337839,0.012199097639225772,-0.035830388895193147,0.04432188841187703,-0.06101590451518581,-0.018066196079534608,0.02882600013998882,-0.04424504945087029,0.06707213277705266,-0.047578588779741166,0.03761747397837728,-0.010723619796341876,-0.06598199262956024,
2459180.024277742,1.000643090543372,0.00041679974486347085,0.02189467363064464,0.0551917181810745,-0.06575319611728919,0.048522895291766094,-0.01005510258553475,0.08191576534893519,-0.07019935501886318,-0.09965244974714271,0.09060088611444343,0.08678476503533768,-0.010945285617325523,0.009788272948555622,-0.039635680696091524,0.001720954058125095,0.03667803385230118,-0.07048301505044867,
2459180.0249724574,0.9997946402635536,0.00041762460986677043,0.041788567661677344,0.03000941952628023,-0.07199184892460507,-0.020418313113603974,0.09078909350344366,-0.005696395342022544,0.04168358341195835,-0.08901816294087447,0.0032816665992194322,0.0851471401125723,-0.03252052938718992,-0.0214955826640215,-0.030968930693133948,0.016526313467828804,0.003311220414311253,-0.0723339044195487,
2459180.0256671845,1.0002634695938013,0.00041930775239084874,0.03317214180140465,0.002927632423409039,0.0937767399250221,-0.0639797491715017,0.05373881092677441,-0.059922370498629474,-0.009626627326836288,-0.07507396275851255,0.029189273337876163,0.024426307622106607,0.057028115469952484,0.013303627119844761,0.07480148068846759,-0.01510852630299468,0.054716975467601486,-0.06576872790609,
2459180.0263619116,0.9990547545775549,0.00042198153844025244,0.05786752520318038,-0.029951175128427845,-0.020665741662137357,-0.015430369729534538,0.10211792399413674,0.02266112181178154,0.0795476530841333,-0.09769959404730943,0.029532381661945887,-0.0018564234279422167,0.028776151237363993,0.0007936607000612113,-0.015197195384960487,-0.0016610914381034265,-0.07577845723458955,-0.06901437065715961,
2459180.057624463,1.0008898776787363,0.0004241692749228947,0.045383690305386915,0.04106137353478404,0.07701122214354175,0.029711434199593673,-0.06979662476325321,0.03212484898798129,-0.04981242203326964,0.003733165469355745,0.06672120680203303,-0.08140545841337915,0.0467427310100583,0.032160776475159414,-0.129931282361537,0.00715270833450294,0.05280739045457077,-0.06963950120632564,
2459180.058319179,0.9998229159943792,0.0004158972437876015,0.06568309830975604,0.03866867786761303,0.0018367274620079853,0.18372826391745667,-0.011121168964543975,0.011994577162024829,0.009814974109459794,0.024230892368442326,0.0813607449373447,-0.08871409356548926,0.05936004828362529,0.014474190678204154,-0.08249826150326625,-0.02954037817067537,0.07757575100599602,-0.06550021057119909,
2459180.0590139055,0.9994942957232177,0.00041545269275545334,0.023466765059590663,0.1383023539921172,0.16409806917995973,0.060561428154623766,-0.020117098976449165,-0.06349408210817466,-0.005934857873401203,0.006025201285205064,-0.003530540088756477,-0.04211666843684401,0.037394308747918235,-0.020048857150872124,0.02508334103193541,-0.03344416708194331,0.006329135997363896,-0.06592605107212117,
2459180.0597086325,1.0002668209564765,0.00041553566941992506,0.03252192327594862,0.046880370998568954,-0.15005269612458869,-0.009253749311428345,-0.011138691786410148,0.053738743705392514,-0.01608934411939707,0.005155273776863659,-0.07474522442449026,-0.04836115517573234,0.009963237280608914,0.12718023778105933,-0.16902437194025724,-0.09938844533124397,0.058988329962308586,-0.0686732355119607,
2459180.0604033475,0.9997143091150507,0.00041538530746431453,0.05517627304031055,0.10514619432266943,0.047326099278600896,0.04144229419294106,0.06502459480079106,0.028858334570199977,0.014026356730551569,0.01488161486286134,-0.021144004816097794,0.005095129503496349,0.055495647875308744,-0.08175676916284595,0.0037974407061863984,-0.031410839190237544,0.04468713580781542,-0.06732687124323762,
2459180.0610980745,0.999882513750438,0.00041537849155421546,-0.0072588292233223975,0.020830387922591127,0.019095787778890934,0.0457243838419545,0.09937741495632979,0.03335219349645191,-0.02478695136751753,0.08159197248987657,0.013720433060204408,-0.01789743857824843,-0.09124189236765436,-0.08010379056887809,-0.040067142765276835,0.11868985707748078,-0.11157528450346317,-0.06471211817873597,
2459180.061792801,0.9997121986627682,0.0004153218127018171,0.0966438959308118,-0.0008527187047954345,0.05746785450546738,-0.021525619902260876,-0.010962235360670276,0.04782377097371101,-0.14568180441179338,-0.0352273390360548,0.02767284089364818,0.057356762191037934,-0.010634894012022554,0.0952812645241542,0.022187639173460488,-0.029485242641923044,-0.015498998948114623,-0.06862780410082654,
2459180.0624875166,1.0004563684288523,0.00041547263246352964,-0.018374788536282802,0.04036152255337106,0.10350750569879225,0.0032321703080336506,0.04062432493493617,-0.025012290914859577,0.037063056447538524,0.03630434664721089,-0.055186579369487745,0.09372554695736696,-0.05540093209189819,-0.025739186470891805,-0.0804239754435979,0.07767206889231365,-0.04673383681599638,-0.0669699190655405,
2459180.063182244,0.9994289960753416,0.0004152756703143803,0.1262891722733948,-0.010935769438429329,0.05437144118988724,-0.049835027085212175,0.12639253702060338,0.05851420599016601,-0.09621467102070938,0.023313434363641618,-0.17781139262674692,-0.020785389047029718,0.007134567023244681,0.005295256925274946,-0.07163516753168574,-0.01340969736803273,-0.09145819104165225,-0.06841522350618727,
2459180.0638769707,1.0017863335607264,0.00041568822554621565,-0.01849577975172987,0.0780753080576589,0.22604081688446023,-0.1532982428124165,0.031712064859795,-0.010670581584062318,-0.14735514237795483,-0.019350681843170004,-0.05711151291824789,-0.033491825850225004,-0.042629868316362764,-0.06968568786319822,0.1653769269433147,0.16519580774839587,0.07706300952717432,-0.06573067859916823,
2459180.064571686,1.000022583500193,0.0004153575754889571,0.11987051613036269,-0.04586194616183823,0.04900399716603041,0.06696961928468376,0.07719416286436145,-0.14163665267628986,-0.11718413426390106,-0.02674143723107789,-0.03146914832788738,-0.06992875320581973,-0.03561424584312061,-0.08230197909477739,0.024202018836276054,-0.03839860741286822,0.05727787628530817,-0.06985765996937297,
2459180.065266413,0.9999551841148548,0.0004152828454162747,0.08722697849015446,0.05907385848568118,-0.0674441194808604,0.06199733935522164,-0.0008360204639373061,0.02374331810941966,-0.002435972802438841,0.001760779928831832,-0.157984044174022,-0.13626482885631738,-0.014553479423085419,0.027230629265800246,-0.005198580340193581,-0.0824682549718372,0.06542761623232533,-0.06808615196557832,
2459180.06596114,0.9994253390365381,0.0004151720230879326,0.07828906191799304,-0.07092056016726875,-0.0003653088159746146,-0.011427261007589319,0.0033026682456383442,-0.09735903822261024,-0.03592971680498936,-0.01572480647604514,-0.14918089238107968,0.10294797522636773,-0.06451960559396608,-0.0013789960170246382,-0.07087457759466113,-0.037643858386777675,0.07124580051368283,-0.06914291285757622,
2459180.066655867,0.9996336344095211,0.00041521285596460826,0.09159227076999366,-0.025376269649666414,-0.05245134172491219,0.049159303572611446,-0.036020250018795254,-0.04884596220174882,-0.11910169286617829,-0.0704238106096469,-0.035638718589176235,0.032411050417558936,-0.04274190078228144,-0.039449463460341685,0.010863360380038843,-0.033571543507778474,-0.061684455889411044,-0.07368306602256867,
2459180.067350582,1.0000092263337552,0.00041526060234859985,0.06162165965260523,0.0032608101564274346,-0.02560941341566852,0.05693572934404993,-0.027995223143855854,-0.06588199561951828,-0.006073463454614234,-0.05516443408333725,-0.026366395812527654,-0.09743768601573802,-0.011933981916582912,-0.12568017605427909,0.060310743785979115,-0.07527110092260089,0.012512765133101102,-0.07153944157022435,
2459180.0680453097,1.000292357343103,0.0004153276718963885,0.03597359305638036,0.009540023819001913,-0.09317912056625198,0.14513725535251953,-0.05420874812840121,0.005950216703813517,-0.007411166969051163,-0.04173895863335932,0.001948799763503429,0.0682406089126717,-0.10823138062489444,0.06157869065886763,-0.008541835214228244,-0.029018493695745405,-0.003533247543723237,-0.07168723145609349,
2459180.0694347518,0.9998215475817395,0.00041522814075728264,0.10310847257688216,0.0442366002084982,-0.06569871646206621,0.008652350300431457,0.037822993591547484,0.01151116493997317,0.04947498860749294,-0.0281084322559302,0.06181932672351313,0.10236610381800146,-0.03158343481855153,-0.004259770311087293,0.07326878974566328,-0.005119779029287638,-0.11803522240813752,-0.07357170677103643,
2459180.070129479,0.9999411608375193,0.00041524966109969937,0.08396791617239956,0.10133815350942733,-0.008654475434946702,0.01244887526885356,0.052235213286540544,0.028442399470144847,-0.05786902174336936,-0.012293210835041804,-0.038192014288012645,0.10721964282965255,-0.0667483795106105,0.09182243330222,0.02065632827705157,-0.008440764847833092,0.032185123621957384,-0.07170678647371569,
2459180.070824206,0.9997976514447258,0.00041523153763589117,-0.017377583571964752,0.13964433586600591,-0.09854000972498471,0.02451378663870434,0.026801294953911196,0.024027405220725086,0.0460162757282344,0.03333648293859294,0.11245666778648586,0.14902508851094481,-0.17430460465648542,0.1610122946904966,-0.0017260373729887034,0.03350511109145706,-0.12082114089244014,-0.06885948803715619,
2459180.0715189213,0.9996006896614047,0.0004151717441578477,-0.007626605372303748,-0.027990496408064575,-0.006090303045539798,0.12525563308256518,-0.029900905671605513,-0.009618416558996307,0.06265126654770717,0.0006862593532512088,0.0058355888400783784,0.042481607108359735,-0.047225641009703494,-0.05935108068029716,-0.07782859559898563,0.007719437409177569,0.0985091151480205,-0.06628063014197194,
2459180.072213648,0.99909232387688,0.0004150640461273781,0.01299520036921177,-0.0008731107405793402,-0.029202256313482697,0.002139660930659448,0.01012861541223974,0.09438196302058642,-0.10190185656054344,0.019647376200987225,0.016768975127237698,0.10710962831018021,-0.06213866920563681,0.07637427304060988,0.03093909040372645,0.04029469546672878,-0.004912341813482517,-0.06713330053141048,
2459180.0729083754,0.9998735641180401,0.00041522938578323834,-0.013234627010608357,-0.0061099906688319465,-0.05407547282076175,-0.06922285205142158,-0.010107565089062373,-0.06488843569567222,-0.10701941383762216,-0.009096108562131187,0.11487052486523917,-0.024676238193239403,-0.08913431438320109,0.06756103009462,-0.008882330905579387,0.01967535495540261,-0.030913874153195388,-0.07042101763487099,
2459180.0736030904,0.9989346960603365,0.0004150852590172409,-0.0493207389324848,0.11662376561471413,-0.027985888176927334,-0.03306116886622925,0.003489264784583974,-0.020032222036449714,0.010690467279013953,0.029859434801862213,0.0897794971953753,-0.017166619143162663,-0.07657362124605659,-0.10479446383199052,0.06328112313235443,0.0378516078490692,0.0413423858119296,-0.06675064900340186,
2459180.074297817,1.0001906114287293,0.00041524785496816163,0.0007989620885212223,0.12389055900820577,-0.11019505831735657,-0.006196272363969883,-0.01596392759485469,-0.00035646389807749194,0.06364731500954281,0.02516481294601682,0.08906088273068988,-0.08262516268730305,0.03907902209640606,0.03705337787066226,0.028982198707377428,-0.07423374938555409,0.01831291082760538,-0.06568683701162621,
2459180.074992544,0.9992290906257691,0.0004150565416024173,-0.023756122620257756,-0.03545776981262455,0.08339632447377919,-0.02119886961531007,0.055275907410713705,-0.030827958724701596,-0.022269341836524698,0.09471093513929109,0.04600810423813847,-0.0015798561257645391,0.04777047268824869,0.05971437901395243,0.0584323626714253,-0.04681604867510065,0.0012156539505011705,-0.06112203981293734,
2459180.0756872594,1.001041012855087,0.0004154222833237762,-0.07427546652774897,-0.22240728466934268,0.06015508152201915,0.041558480634463574,0.1301497012777839,-0.03667221538195854,-0.10893733736077602,0.12170206802320158,0.18937711631738838,0.033945383971761334,-0.02183768673809213,0.003208624887677366,-0.05814498691806609,-0.181805855899316,-0.013240341098971788,-0.05475385934112129,
2459180.077076713,0.9987961073804826,0.00041500668229149445,0.010850695482537726,0.2021844999693205,-0.013181246783612573,-0.004306526965036416,0.09919896025308259,0.03241023128057213,-0.04056584831308527,0.05001699991291264,0.02079273202769891,0.11094895756729756,0.003945400636931596,-0.03926094576448238,-0.07375372115337912,-0.0872052491531509,0.03980505149151247,-0.06835541454286925,
2459180.0777714285,0.9990773678734848,0.0004150933529271233,-0.04955507897406807,0.1571991983138401,-0.03247367859447418,-0.054123579854346085,0.007384644705514801,-0.044631234684162434,-0.008723444634825711,0.04656539153331215,-0.06943668152398705,-0.01800402091955512,-0.13603227051258285,-0.07471264997306519,-0.11043288663009841,-0.050692502342102916,0.06591056390920139,-0.06528710735682813,
2459180.0784661556,0.9999189776756717,0.0004153259831723169,-0.05268543954516129,0.06958027701126604,-0.042660035050788025,-0.08166787232557837,-0.0040891711875209475,-0.06460648427057528,-0.01034222946882783,0.057870037198465486,0.05829020545253326,-0.05011896238665729,-0.039123177915703175,0.05258400374276005,0.04955045511845201,-0.04222397091175291,0.03007600898290907,-0.06405603975424427,
2459180.0791608826,0.9995137445054016,0.00041534876729198636,-0.059982791327350175,-0.007617139897231387,0.006933031991253213,0.011085683576990078,-0.04556726449481526,0.021414202583387314,0.049467034542109316,0.051395632618330626,-0.12991309794211017,0.1766050115298094,0.014532549097334228,0.0032215214179903548,0.11754094919875606,-0.03945546195043717,-0.06698304357815063,-0.06473197859394746,
2459180.079855598,0.9997627214007974,0.00041546334745054444,-0.06317153622709415,0.05953333096161077,-0.09081187218008825,-0.016613485568173793,-0.048185768339164166,0.10078934516150706,-0.07092134236794864,0.03064840268423952,0.027337701712711163,0.03149002729390478,0.0751447651355209,-0.1605082105260679,0.03246139802016863,-0.10083988385183347,0.14024801025556266,-0.06295374743946484,
2459180.080550325,0.9996143503083251,0.0004153999544434116,-0.10771165118560665,0.051923496401805325,-0.029259720906164084,-0.059375367711905366,-0.05534698030362333,-0.1004688189111221,-0.14127904711641065,0.045942264733069456,-0.01882543437779638,0.02545985429745958,0.10442999065593521,0.13398723952090985,0.09178551497143318,0.039332870922058685,0.002696157972128456,-0.06453846498997097,
2459180.081245052,0.9996290840230305,0.0004154256876811963,-0.0847795108007434,0.0380460228321337,0.024868175222439653,0.06394743770890451,-0.04328434033919838,-0.024120043349355372,-0.07515326080646365,0.052305941455448444,-0.0038243315328840037,-0.032401912400004194,0.09290407613850213,0.10538866956586122,0.012894708108300852,-0.00771327048943588,0.008604215435851983,-0.061059484887563284,
2459180.081939767,0.9990086323711241,0.0004153083242047319,-0.10490936715473811,-0.04210298697338026,-0.07474075852315186,0.12790559629985354,0.01962773331147538,-0.07973184511857431,0.017920266198746215,0.07614384484097132,-0.00763816562920367,-0.018927852020935353,0.11974169633704929,0.03174039611473538,0.0035251075732326605,0.12102652091180656,0.17732799062256044,-0.05903758492114269,
2459180.082634494,0.9992832284889736,0.0004153231052361492,-0.020842509147757243,0.050794988671126806,-0.021843268406794906,-0.00011313169054221046,0.038865582491979016,-0.05722252519578306,-0.04273900482930461,0.042215911428781894,0.06056263568789199,0.005228808438730114,0.07889912120704647,-0.08794680035145923,0.028146926904336303,0.02742226729075375,-0.03468765861148046,-0.06350519359291489,
2459180.0833292212,0.9999382005059785,0.00041539578939490707,-0.0012812277357219454,-0.0687091518461653,-0.0664477061367445,0.03017776251356522,0.07117032785066713,0.06943925389908309,-0.010196252021214979,0.03959893038493777,-5.331291908042984e-05,0.05196849343619409,0.10770117112298672,0.03236048653914752,0.11005596607321452,0.045088764640274004,-0.05322229633353755,-0.06411700461645371,
2459180.084023936,0.999223126356133,0.000415210718420275,-0.08746345088537368,0.04583775051913017,0.004304597436129171,-0.012892265758947367,0.02975766382068642,0.008137092896069743,-0.08424493604317083,0.049911602019958284,0.013273267394437781,-0.0052413105964712195,-0.0023668397477572788,0.015093568514633,0.02939244096752029,0.1122610413603005,0.0391905356550604,-0.06066301613933605,
2459180.0847186632,0.9998763561492283,0.00041531131001779455,-0.03608574111211545,0.03841217129498705,0.06991371740863708,-0.01688965853886856,-0.10848229747125829,0.03529468578845435,0.15362900301465224,-0.02413041194223609,0.027707601284900886,0.006240892781926369,0.07241542844754736,0.04731887181076506,0.021721433100199795,-0.1483717955582811,-0.13361678687606188,-0.06095825700068847,
2459180.0854133903,1.000219311883704,0.0004153670564527411,-0.0318969651641452,0.0296872997467867,0.11197199582604588,-0.15220531186171218,-0.0744354675711517,0.075330027806814,0.038833225473389674,-0.03403876674873359,-0.03270789768033166,0.02129342448159191,0.019552555074689507,-0.020446953528770254,-0.0646161961272956,-0.008257541915996857,0.01696526190210633,-0.06729211631133994,
2459180.0861081057,0.9998626238805718,0.0004152834489678162,0.023014751829876876,0.1031232751773164,-0.06427487040310724,-0.030632533020955595,0.006157853130417681,0.08436724800147298,-0.09614005484908082,-0.036937853978827165,-0.008313148532230977,-0.02181365745894294,0.04449037929244685,0.09537563046423493,-0.06015468199942974,0.015856273926911295,0.007077175569767965,-0.06938219862192173,
2459180.0868028323,1.0001007206128394,0.00041529586668346256,-0.056559009296037306,0.10689026863101969,0.040088889997767545,-0.03641280023079793,0.03165298815279598,0.07488599784026087,0.005053929189638525,0.030906535041649218,-0.016414157556259114,-0.05192477159388213,0.062318567391135726,0.02752429474407819,0.1353859259227744,0.055918607395519064,-0.010491439599652415,-0.06402757051465846,
2459180.0874975594,0.9994646726924626,0.0004151826348465616,0.021269810525848955,0.028341805373871137,0.010780272950039308,0.07005568732419624,-0.014979052594996874,-0.043079354089341874,0.07821548511894515,-0.0602091630968156,0.009670666255382076,-0.008446414714205427,0.046217119726010586,-0.048143738759921166,-0.09549729569469662,0.01897762511476929,0.02099433041144452,-0.07092215913007374,
2459180.088192275,1.000083590852206,0.0004153045677481975,-0.020900772745345225,0.016911940308089075,0.01669279558538477,-0.057667153778785805,-0.0341273833002618,0.010626904047345296,0.05384260607630872,-0.018376308632699227,-0.0215574004075973,0.03307610020563351,0.056287197563147935,-0.039250526581871996,-0.08512322108722815,0.0606883320275685,-0.04852474173737132,-0.06877659098042253,
2459180.088887002,1.000446951894797,0.00041535024342703297,-0.0008866623226019497,0.02240725621959052,-0.11164259415818231,-0.047167280745597215,-0.05568013283552935,0.010032948310689856,0.07347259367732738,-0.03984446720212586,0.0313950365637774,0.033250744203189256,0.04817928231502513,-0.010820426060221372,-0.008482222729348635,0.03386690748498994,-0.09953211480614813,-0.0702867617700193,
2459180.0895817284,0.9998655311300852,0.00041529387603188626,0.0014177393377403154,0.03397580346474792,-0.0002609912769668977,0.0484386616913584,-0.025522230444749185,0.07950608268519747,-0.08090520419177837,-0.060457940838838,0.021691832096164106,0.02791241634137001,-0.017216718714033963,0.0976288169744905,-0.07864247596551917,0.07421926276760774,0.055169465654058,-0.06679827784219548,
2459180.0902764443,0.9995098623774514,0.000415235914323151,-0.011888168668970253,-0.012555830883677996,0.008181666914684214,-0.01849444316761568,-0.029607476052009855,-0.17555081393960334,-0.010629843963008827,-0.060719690387360505,0.06465163518139942,0.12162532500703073,0.015440741299796019,-0.00469898804346014,0.014139109302018161,0.08957358449973066,-0.0578361447084684,-0.06867929821185283,
2459180.0909711714,0.9997756397245893,0.0004153763654620177,0.03441575678774952,0.03233301982751584,-0.06931688145751128,-0.0024114570141861203,-0.01917171473611495,0.06371040852668006,0.21959515996411227,-0.1089016279959981,-0.034516670425397994,0.0039363541202473065,-0.028632894043834373,0.03854444816956635,-0.03436088328773368,0.04633537838396276,0.07534141325805041,-0.07175762817493633,
2459180.091665898,0.9996860104241051,0.00041556729161273254,0.009650281190994507,0.019874387371080698,-0.06492817920203485,-0.047240635232227705,0.11071111298019595,-0.0007478668110015139,0.08933334335320547,0.0297104797356476,-0.024508099583139476,0.06880975905375357,0.06642726777203548,0.031600794396917896,0.02626851600012766,0.04570949995922749,-0.07996342967508194,-0.06676226934819224,
2459180.092360613,0.999187464400902,0.0004157628449302573,-0.04242839489505299,-0.028258017523114024,-0.009151638980401132,-0.14515703001992217,-0.028519916242135405,-0.12972437596214237,-0.004377407062030105,-0.026697934170703916,0.05645368848979174,0.12890091285411814,-0.04334086426597386,-0.04034556928530698,-0.086848616592048,0.07811218307992485,0.0024665030617085984,-0.0701653656864291,
2459180.09305534,0.9999188416129846,0.0004164791451893697,0.026362638061249822,-0.04253235711853505,0.08437338185080337,-0.047189767171189514,-0.018509867613738223,-0.052343142904123806,0.007354946719458044,-0.0721702510195178,0.08634955484673906,0.005403446228731251,0.03911738899897284,0.033669155679600604,0.007435434941966424,0.017741649718221193,0.05694491893299424,-0.07364149158176658,
2459180.093750067,1.0002545821094215,0.00041732586485424553,0.02002284517253045,0.08054591036934677,0.041072061886481395,-0.038449249028624455,0.03921582592131579,0.030370776972053117,0.10053512437315992,-0.049250555291560846,0.014098722979633264,0.13915761166316587,0.05406149602715075,-0.010558307133146252,0.10233519214040775,0.06892837973289864,-0.098039470871204,-0.0697815104231044,
2459180.0944447825,0.9998851590525452,0.0004186977010788171,0.08989273638242962,0.15016109913887984,-0.03825657883174478,-0.0493822357803551,0.0159900287045514,0.040436757385400125,-0.07029278529584185,-0.059515332382982476,0.03265733322043762,-0.046378542336775734,0.073435031340962,0.04684385859770829,0.04596531055791027,0.03083186239707133,-0.10266239387955588,-0.0728616237898749,
2459180.095139509,1.000773444926721,0.00042325141604119886,0.0035781190817109833,-0.005333631816914372,-0.0565830410159065,-0.1192877964850693,0.04561633772058497,0.22449480528728546,0.06832888372051238,-0.022801198739778546,0.03971224228308556,-0.07915888750216123,0.06362725646529704,-0.16042551234499489,-0.07190542092114911,0.02585663367666887,-0.16288987189385262,-0.06346915055912947,
2459180.126402047,1.000207019061265,0.00042202391574480545,0.10079209767441799,0.006797966394719987,-0.0035477440354994938,0.205277214757674,-0.06318041411604361,0.03122480430229373,-0.0948594057518963,0.02034473147683794,0.1304813135062047,-0.13427788883226113,0.021565124417268856,-0.05238986490818459,-0.04576529698395367,0.07029259228336456,-0.09127521375697563,-0.07121790054288794,
2459180.127096774,1.0003374113406693,0.00041585029806897526,0.032839458991058064,0.027793762089376815,0.039907232142673575,-0.01580388003681088,0.004266746820625972,0.035264043429326264,0.00695244279157153,0.06024795642844323,0.028652209510517824,0.0322335133679649,0.06510361554322895,-0.057371461186268485,0.058156857892840176,-0.07923762648593338,0.03618407257254883,-0.0645180010348662,
2459180.127791501,1.000643062412857,0.0004156653552118567,0.08987809329902846,0.0477930025972853,0.05859065274852365,0.00026011296026381124,0.007643930061103704,0.01183940832126413,0.04255377928072259,0.04272430314465836,0.03440049532920375,-0.02231437022469296,0.0015537548583763959,0.07768920705136319,0.02446233639657363,0.026970641154667303,-0.005462712953300674,-0.06933314672479952,
2459180.128486216,0.9997484985171837,0.0004153986771212801,0.07730232166827332,0.028279715626564974,-0.007944272642860427,-0.1093930346843661,-0.026459517560440488,0.08746057298241697,-0.07159165020977096,0.0024253009294756067,-0.004865392121178502,0.03570079227710418,-0.05916823077705846,0.1037377799802768,-0.08057315099935682,0.007014415767904407,0.13160419102662618,-0.07226147623553068,
2459180.129180943,1.0000669570634948,0.0004154241211803072,0.04792627907386762,0.04780818922963672,0.12376739750611045,-0.057222050783897624,0.044372121575397286,-0.024860825476365842,-0.09194731318548385,0.08533825749263357,0.018654771180760903,0.04934031051145692,0.0668415861113766,0.0025775796112641296,-0.043880365581279834,-0.004530538134997925,0.05534085350120986,-0.06740410314684422,
2459180.1298756697,1.0002131550515059,0.00041541342312481313,0.021352540388510324,0.010185429196453493,-0.00920756433919801,0.08154428279834333,0.045382061895091634,0.03663841112011572,-0.016345464234973232,0.09628860992865851,-0.06519696009639245,0.06299646241185594,-0.07656601638083768,-0.044054625477588816,-0.11669187628000671,0.0840095515842136,-0.10755691171300079,-0.06675322509450765,
2459180.130570385,1.0000610635122478,0.0004153870211791825,0.10273329566500324,0.027583339556973674,-0.030538089722138898,0.04135055021486613,-0.05065138461546156,0.06511792133902014,0.022425464676168183,0.0010418012107120597,0.04526990915006498,-0.082844265166881,-0.03037368105912405,0.016189458260662294,0.03483019724786859,-0.012718021518322778,0.08945293401527238,-0.0709708839297211,
2459180.1319598393,1.0001576588219847,0.000415363779165679,0.14329292362486884,0.004086725368492015,-0.06473509990007531,-0.15106943317269794,0.06891960958643843,-0.0933399145982671,0.08339861859418439,0.014631392201198032,-0.09103746944735219,-0.04812648185949268,0.03580918608987081,0.05633195402924585,0.0064106149458957075,-0.021663090152582283,0.061283586823199475,-0.06929498794670357,
2459180.1326545547,1.000903365880294,0.00041550027262861333,0.04580504247935344,0.012691264477951637,0.09057647717303403,-0.022214671172826987,-0.020565164165079676,-0.03318200085466561,0.02579605858954413,0.07148249723293408,-0.057348916223456455,-0.07568825864836816,-0.137901658725373,0.0019554115264476327,-0.01184284993457772,0.07935837550689669,-0.025595148372663766,-0.07004990922513064,
2459180.1333492813,1.000116608940112,0.00041535599294881145,0.12341560738548948,0.071136951458502,-0.030363189536620937,0.014634517981392073,0.010971194826619589,-0.032229910934590704,-0.02234556540838301,0.03491307775930661,-0.05144635337174029,-0.06100815484334758,0.03503106276730663,-0.0182525438707845,0.06372973616796633,-0.03461742566252469,0.04882816987851446,-0.07084689563013306,
2459180.1340440083,1.000374295984297,0.0004153809895465323,0.09194051997611533,-0.03910917487571842,0.019971266676170572,0.06228297252025493,-0.038890773465305055,-0.11672360381967385,0.08017987909507195,0.01396994471198693,-0.08745636251124238,-0.03294739871319622,0.08303048488056237,-0.045001916110772734,0.009042935032773713,-0.08315152629719318,-0.0066473929549817875,-0.06678985595046434,
2459180.1347387233,0.999138748006248,0.00041513505375092994,0.034802817268895996,0.08150310151525599,-0.031115672561495014,-0.007273338592252342,-0.006236306632719279,-0.06228886857334152,0.06200617173868925,0.027350371857811265,-0.10281821125007355,-0.0594160249648866,-0.11726001786190449,0.02224879363674701,0.1105507702752495,0.041200383438593446,0.11518979838179873,-0.07185913484577242,
2459180.1354334503,1.0005754375726457,0.00041540452852403733,0.07165752540369488,-0.10039628942404179,-0.039539642370482936,-0.04412729346030661,-0.049282237961471805,-0.06307691921012223,-0.03946986104458212,-0.018605175013981717,-0.01665603359564777,-0.07196189282046653,-0.030700336323241845,-0.017029431189591798,0.24494988439809254,-0.005440276184953106,-0.10407340186585103,-0.07029074466409131,
2459180.1361281774,0.9997019280276983,0.00041520780643616666,0.07409494510234733,0.06434167942752146,-0.01939974192486945,-0.0027798927141036256,-0.06149721043892472,-0.0928292732428744,0.05513800917807812,-0.014657659875985758,0.010624550233559557,0.013777367383784154,-0.05926831117226599,-0.021428502421356334,0.10518576868285368,-0.05386540886862321,0.011328932489555776,-0.06991115335495499,
2459180.136822893,0.9999205670021085,0.0004152428927195403,0.04183825894043742,-0.012763988489330517,0.07084193119246784,-0.0025160231878299877,-0.10549892909815316,-0.1871288400322247,-0.0007866681495965085,-0.009605368896250832,-0.0009810071825153643,0.006827588270010623,-0.04418252944311483,-0.03308683633010732,-0.017838433545710273,-0.0049420594159203905,-0.04077656179280505,-0.07049899883657967,
2459180.1375176194,0.9999906197894199,0.0004152677763594077,0.06293821295977253,-0.016020911844557596,-0.07461583050691084,0.12224576288872883,-0.07742562969812113,0.010133752266777728,-0.004734526370074411,0.006772067442770709,0.006334508782924806,0.11829480717948294,-0.04768593211295895,0.0500222601030907,0.06174607532542816,0.005451912608177438,0.11367818600545032,-0.06818116636219686,
2459180.1382123465,0.9991457817378485,0.00041508389048714773,0.09197070929804958,0.0035132582940679354,-0.06112493292866961,-0.11700573771882859,-0.022110941217801605,0.04207600086220054,-0.019640376922944975,0.007105675207663114,0.06706331910565065,-0.05741520334986034,-0.013791860230751823,-0.031541717179990485,0.04553158514638762,-0.0026890190515493247,0.031534681304600555,-0.07206275388828086,
2459180.1396017885,0.9994716571441294,0.0004151450237071289,-0.02556149252758118,0.019638605385425507,-0.051139810910763486,0.046692915980798805,-0.04201099275342378,-0.014781602644404417,0.05562419517754944,0.05645820611305019,0.04408233986441257,0.024314860662814426,-0.16309883860376215,-0.012075983770850148,-0.0057010514051451,0.08285239061744616,-0.0626898366667463,-0.07112474753759718,
2459180.141685958,1.0001142698572285,0.00041539448037384967,-0.04863119795353799,0.06425338979576802,-0.04372655159754536,-0.06403074912151023,-0.0404347108808401,0.043620538819612406,-0.012585340385269228,0.08158909822613887,0.056615867317838846,0.08206597745834517,-0.08047859107911254,-0.09249201707514897,0.042435414469685274,0.009516108380399763,0.20613131054102907,-0.06901702534344041,
2459180.1423806846,0.9997712407665206,0.0004151704229262811,-0.03237020417727602,0.03505704149364307,-0.04913064901328451,0.025885703727858367,-0.025657101416846347,-0.10247930144791069,0.01133797881800312,0.05297393578004449,0.0557539152283832,0.06472722994728929,-0.046713242688272046,-0.09662442625631185,-0.10523633883095236,0.07139934736954055,0.06963438701832832,-0.06764225313544037,
2459180.1430754,1.000701265187417,0.00041537217359839977,-0.011057449611576618,0.13831026504287394,-0.025056268465726995,0.0249689235482767,0.012514809159316749,0.009417016537909122,0.1409483279851986,0.08588488987071753,-0.041701512192442905,-0.11235859865643281,-0.04482177040716427,0.0008036157751601417,-0.0034319788730720973,-0.057627609395171094,0.09203878401737646,-0.0635039808807907,
2459180.143770127,1.0002874343369716,0.00041529811644235807,0.025633621231824014,0.03075241381378789,-0.04078834322536294,0.016341387038308463,0.028813941614383436,-0.009769814175978102,-0.04575816976275765,0.106721233752431,0.15689518591367277,0.02920606442902686,0.08908152297514588,0.032498661443869516,-0.01830293440874692,-0.09547856220469153,0.14703331469106712,-0.06478035297824723,
2459180.145854296,0.9999703815900869,0.00041523150351696446,-0.022224678867475645,0.024363839383441204,-0.000998663670101392,-0.037101242603283666,-0.00490422195260719,0.03323564555157809,0.03411606714991123,0.08614429539602385,0.053924571186945346,0.07884942710011368,-0.06038441319689493,-0.02541229023347929,0.02424180374020251,-0.04108094669754069,-0.004920149389361819,-0.0650928325668366,
2459180.1465490228,1.0004395835749782,0.0004153614784690108,-0.04792330221130263,-0.029889277196508985,0.09532533372422625,-0.0724910823090907,-0.03571193589404519,0.06489075873343587,-0.04337352078541177,0.08130133000441976,-0.06355561256178854,0.04468752863357498,-0.10611888995907943,0.07962478111120785,0.022043480481724404,-0.03972201197250178,0.1255254133253477,-0.06642015183330552,
2459180.147243738,0.998955628823369,0.0004151410077713391,-0.09097742645543233,-0.013061868356800087,-0.014340430289910042,0.010332126715057299,-0.03620900795944828,0.010544172149974917,0.04649470696822892,0.10806064849911123,-0.09204408875728735,-0.015570788114444598,-0.06219595031228271,0.010709014479212329,4.2022214276527144e-05,0.03616500662804563,0.028939451822810474,-0.06631523027636163,
2459180.147938465,0.9994659914506738,0.0004153417686601087,-0.02385365302667728,0.015775790220842533,-0.04138107457233066,0.05456043538759609,-0.0778255105722771,0.018345424197137895,-0.05619815937803822,0.05589221089151056,-0.14611820227422628,0.07253345973664872,0.0370480870766935,-0.022751520401230494,0.051762296336368425,-0.057580794708007504,-0.11614191381951655,-0.06115437278823261,
2459180.1486331923,0.999115269862353,0.00041534338990804935,-0.050208579420596845,0.004828932159248909,-0.025955627788409447,0.03693001330194476,-0.0759751655312097,0.04882783622610967,-0.09009213380420944,0.0627194712016916,-0.10421999591443158,0.0916317920103504,0.1393495441858501,-0.06092848250924395,-0.009543622585504605,-0.09257438255839798,-0.016896930500319724,-0.059549997322513204,
2459180.1493279077,0.9997133810285347,0.00041547058062105756,-0.08980940361277322,-0.07653163008978282,-0.03509315689452981,-0.029518676373993514,-0.1324560451190976,-0.021659345492212496,0.06683660927622823,0.060374120317994134,-0.13194677219168205,0.12102291494361571,0.10969902269801322,-0.08035442107167112,-0.0722655696877168,-0.07092606761162444,0.010500080963563708,-0.06299241392812827,
2459180.150022634,0.9989806698352197,0.00041527618930644813,-0.07040931271566428,0.017763825065482516,-0.013298020263397868,0.0165702701125909,-0.07760596451555002,-0.014550752396019646,-0.03391227384664542,0.08222185996503918,-0.09342235080913872,-0.022365810919067045,0.07576738913778754,0.16210732204807035,-0.01373898648090545,0.11522958624769822,0.049640553353490616,-0.06467996810970879,
2459180.150717361,1.0005257323684975,0.00041553887669256416,-0.04435461613922856,-0.0029928603240720326,-0.08582653450750816,0.09582444792710991,-0.003165029646387652,-0.03916482437069028,0.07240070755092987,0.07109424613795332,-0.11655035409011079,-0.10480081337849258,0.0678483469329219,0.12363245354953756,-0.1109148910039257,0.13073881148903804,-0.007239331174712463,-0.0593443771109528,
2459180.1514120763,0.9996195249077494,0.00041538015660881204,-0.030946046778175897,-0.01693538018265099,-0.0464336745172294,-0.07444796704642112,0.007729293314730993,-0.02295808025143817,-0.022798247975061418,0.08806046353868496,-0.012023280876594648,-0.010851881797497936,0.12407968886866017,0.08490726376472334,0.0170131839503177,0.016148579726457134,0.004616621387117836,-0.06012836186130743,
2459180.1521068034,0.9999877974564222,0.0004154031427105304,0.06469256018205806,-0.06329267668370984,0.011220932315020412,0.08162410709903285,0.030834076216833435,0.09289511372725204,0.022546461099268687,0.02217262744469097,-0.03568234949171887,0.11066026566618072,0.07863505745660904,0.006616421668952231,-0.08476639769104101,0.12279645158790711,0.001073938198964724,-0.06706490856439767,
2459180.15280153,1.000542210647652,0.00041546664175037454,-0.0668760458291261,-0.020781638410395927,-0.018636756333453464,-0.06643812014677006,-0.022006000439432797,0.046906038776884075,-0.04519742028952047,0.05783262300812559,-0.08119179743236395,0.01738711165411781,-0.03094066583662288,-0.061511535074544994,-0.06275728575881777,0.13025346488155967,0.035309846479177405,-0.06734064356756549,
2459180.153496246,0.9998344430815576,0.0004153159079740799,0.010814214461261072,-0.002333303731617468,0.040800531508125265,0.17439359091046283,-0.0947271553044952,-0.03128229493285648,0.10937562093183208,-0.00218017579983289,0.06983250541691961,0.07378400747283625,0.07031274799019764,0.04460650049789817,-0.055156237856748815,-0.005574853722407459,-0.052793674873607935,-0.06964957429903075,
2459180.1541909724,0.9999219132435535,0.000415303235241424,-0.020971060894170473,0.09381276344132759,-0.01644775725902135,-0.07903334731227309,-0.04591934293190959,-0.050116647550172234,0.14223813969299595,-0.010952481799982754,0.07233356299313021,-0.09407079567286515,0.07072295437893085,-0.06637218920504616,0.0547022818432379,0.08343399957687522,0.014434089968650572,-0.0684856600815357,
2459180.154885699,0.9999948297649737,0.00041528679589883805,0.02329019681377515,0.041844778008260725,0.09432427371156517,-0.12264343301266628,0.012911867534368838,-0.002812999647387899,-0.03374051185085712,0.002598691663981956,0.036468275952618014,0.09262889936727312,0.11583280455346273,-0.030745535519352576,-0.004133368546893888,0.01869057424452634,-0.04072633728979918,-0.07013645655290777,
2459180.1555804145,0.9998845884277122,0.0004152560339797361,-0.010033319761875093,0.008818129442030517,0.010145539740838943,-0.02987069536418237,-0.017506041230671808,0.12387320405223674,0.037717200663839254,0.05345055284234202,-0.020174010867877318,0.013348511897438292,0.1104886751602585,-0.06601887895089939,0.013760440156186951,0.04485000390568637,0.08732964344764538,-0.06224127320297587,
2459180.1562751415,0.9998399132612734,0.0004152697843885393,0.049303251564084674,-0.03205625688653865,0.017658928521112862,0.02532294639220242,-0.07142686703882363,0.12018965485268661,0.023330695596497055,-0.013420237091712636,-0.028269012843433108,0.02372415182066995,0.02215335085607907,-0.03922076066200664,-0.08816163667000046,0.04560103441850417,0.10956969568804895,-0.07044626706556907,
2459180.1569698686,1.0004661447929741,0.0004153927448938083,0.009087250983051985,-0.002019038904243338,0.005636964621761224,0.026314840189814663,-0.04323432998858064,-0.14803707099982677,-0.0013978428853362462,0.006135487012219701,0.08741087734532925,-0.01067433551753849,0.041626088285724686,-0.05136257520116838,-0.03912767241796731,0.08587667062734809,-0.02141559704554042,-0.06989647908001255,
2459180.157664584,1.0013311806196432,0.0004155779646935321,-0.04139836564765091,0.034740740601530054,0.11155515853469361,-0.07177545715266487,-0.07438532338322161,0.08263034061346389,0.12566388595926334,-0.005380290094170477,0.01093875428160653,-0.03514097087375979,0.005888649748993362,0.15226500876184493,0.060923295596763904,0.007905352016589233,0.040125847860355994,-0.06945998383248046,
2459180.1583593106,1.0004880056748093,0.0004154078136391648,0.020142948773699685,-0.11113546286411688,0.04212416980059163,-0.024173562257353686,-0.09281506243893393,-0.06294532243786337,0.022514020050833673,-0.03354804627559414,0.15850399270124385,0.07361415386827558,0.02629877979081913,0.03321393900445398,0.0996700947355823,0.08570846689393846,-0.030263926474295225,-0.07211663473222839,
2459180.1590540376,1.000470832923509,0.0004154423264787719,-0.006788779708868537,-0.03291932582798832,0.016645393240070614,-0.013046627482622222,-0.057261276670592026,-0.007563944959646304,0.06890717865770087,-0.0280286624680085,0.013557290020303927,0.12165288968000942,-0.016684762106546746,-0.012896127246643687,0.10712195634811165,0.08140381399102965,-0.0521570141048636,-0.06845917520587033,
2459180.1597487526,1.0000398393161363,0.00041544208691081033,0.04601764617355487,-0.036674962809254474,-0.04216891442726027,0.012860930481699975,-0.019302398150613964,0.10862167306227871,-0.04663379183956557,-0.05381656883836383,0.07388144729688885,0.0756341782472527,-0.018776260052733893,-0.009573786658201109,0.023204826088567877,0.05705841899181171,0.004248746672857664,-0.06982063359859154,
2459180.163222376,1.0004457376435936,0.0004197510715477723,0.10535812739717695,-0.032828086092699986,-0.07354817425865567,0.02200404651968592,0.04980035979034406,0.010862786077502311,0.04086247430889081,-0.014709653062258438,0.09297602449994585,0.02545829983375904,0.06450134396317554,0.018488420470589323,0.0476350017061823,0.030407542565008397,0.03849968983958121,-0.06805406713208742,
2459180.163917103,1.0010894754482054,0.0004234034145613918,0.08425120661387972,-0.061033710800760074,-0.03171122258398477,-0.1438537842567593,0.1533823241903649,-0.01608073626981514,0.11866272225955965,0.01689512522857033,0.1019553003562257,0.10419525539272143,0.14732121572369555,0.02936612482277219,0.004998043217891721,-0.002196990717783283,-0.010069817738957026,-0.07026382590737938,
2459180.195179638,1.0015983741988894,0.0004209386979323176,0.08923830227980395,0.014231799117854082,0.09955838981961358,0.03564681545876667,-0.029653464750229327,-0.06111839925161866,0.007003538712833356,0.04149290378507519,0.06761678341550016,0.023045731439638503,0.037257581557212406,0.03577837034138002,-0.1301040965731297,0.057749840738297975,-0.07287219045755669,-0.06941874690768057,
2459180.1958743534,1.0005544234252444,0.0004158149757481325,0.04281055993761241,0.07723858919459106,0.12895814667271377,-0.029804025659971117,0.00011576500454500299,0.06823551075854384,0.03813070857607816,0.07847075481041137,-0.02776504014405747,-0.07402797121886101,0.0038952439560687117,0.015459633991463276,-0.018971897860728146,0.02055472181915363,-0.034106894796001236,-0.06675177273918663,
2459180.1965690805,1.0004654032306959,0.0004156196764074639,0.10497357949509502,-0.03633627562128978,0.025192543239694953,0.039128240429641095,-0.01769366830995341,0.029407276889205098,0.11444247818727954,0.05978860472437154,-0.00031883181124164113,-0.0030566095708687018,-0.021545424193995247,-0.021652887485465837,0.06531919245733626,0.010064466717963428,0.021834966567808613,-0.07173976374559031,
2459180.1972638066,1.0005631854534078,0.0004155619672283222,0.08940459371269811,-0.06936264610538076,-0.10571073314386771,-0.1513464333970615,-0.02205503552649732,-0.0142284675791389,-0.09047820529941991,0.034052263109859156,0.06961954398179956,-0.03820364547512102,-0.005661688853116248,0.11412977020937472,0.0013042300222726967,0.010063024676784472,-0.012656934902383583,-0.07324734300812417,
2459180.197958522,1.0006516379161805,0.00041555906367500117,0.11654872741230367,-0.005211681267517898,0.04284167262106341,-0.07690828640757519,0.06816943778045619,0.03949487377894867,-0.022001546711995494,0.09475090445180465,-0.11419420195150126,-0.06275717359334153,0.055259481383646246,0.04270638896691917,0.0011868342867613778,-0.0059855345577065604,-0.050096899648124305,-0.06899698549943671,
2459180.1986532495,1.0003128794304248,0.00041545202979160264,0.03264508403699117,0.07458147216162767,0.08652310938688093,-0.024254603470317992,-0.03633810505761249,0.07839906496228681,0.04853956596819449,0.0813018740393697,-0.046790170417562484,-0.06048894498297464,-0.04324750201730195,0.02926630516578543,0.07707151924908372,0.0432083674751651,0.007077811641078541,-0.06722133902765523,
2459180.199347976,1.0014473334504737,0.0004156551980905656,0.08981786275935942,-0.09173231762869981,0.1657164035854921,-0.03458467796703206,-0.06341792966545844,-0.012807934362968459,-0.009767244020186854,0.010884502738350248,-0.003847216413662708,-0.06702592876911258,-0.0003356802369223197,0.03510050623202224,-0.021289828198075043,0.011707682082820251,-0.0343246250898989,-0.0729852101704323,
2459180.200042691,1.0010588156204858,0.0004155640421066767,0.013574744220557714,-0.053433792378433154,0.0414767742715014,-0.01918034588023484,0.08023652613565785,-0.0006149956842263798,-0.002682252226065,0.12417260741684559,-0.11033532772000373,-0.05059643299123649,-0.04269399169185865,-0.10441078341586109,0.053349573903156776,0.08598325990717468,0.035993715498426435,-0.06415511943541911,
2459180.200737418,1.0016391686346346,0.0004156670660006502,0.17982265499122269,-0.2081807821157371,-0.03668048282628879,-0.06133776104281981,0.10581069054285783,-0.004084935010512344,-0.037194474723933973,0.05473847755888514,-0.11177527885480865,-0.0011494901815286818,0.013596286669907393,-0.004033418720533419,0.02882270026671943,-0.03560224584233871,0.015420705278098256,-0.07083478417911947,
2459180.201432145,1.0004583984465565,0.00041542435316845733,0.0583411251484232,0.012115517995313942,0.1333645344888359,0.023385549315834822,0.0012743545119555367,0.007728279174788443,0.05704832568192096,0.08378093221055039,-0.10448373429585309,-0.014367700065987114,-0.03450877239078482,-0.09923448849568547,-0.013243922972881307,0.037895710868165164,-0.12519100914601866,-0.06899471740977638,
2459180.2021268606,1.000393080213134,0.0004153758763221489,0.14345131116186122,-0.09921499335978817,-0.04271902806353708,-0.012348190271171271,-0.024305708821482197,-0.08590387659515997,-0.027591033502657538,0.0372757395120191,-0.06109541165504749,-0.08328659491273926,0.03588847682951643,0.0284709610939336,-0.02058444005193062,0.01903761964169341,0.10690925462717141,-0.07153916545630319,
2459180.2028215867,1.0008004100256247,0.00041546239600419993,0.11610909375783887,-0.048884633414446696,-0.03380673085771598,-0.06372034185746926,-0.01769366515267292,-0.06410705609303703,-0.007976572445757219,0.04640763453773413,0.035797968431373665,-0.02150856973716319,0.08221180662505607,-0.04869636538551636,-0.00019886048217884755,-0.13580563329570314,0.05249382301747704,-0.06517110217167847,
2459180.203516314,1.000283597804661,0.00041536861392858863,0.04432415938654006,-0.061530424571426726,-0.16551366169986767,-0.09593645307162232,-0.0533401880363439,-0.06642451984198551,-0.07840511146922671,0.03150076463245419,0.016196067168206266,0.017222163899691275,-0.054295302165850184,-0.10015150067187338,-0.04733399922051369,0.00014939682913283532,-0.0008554258068224612,-0.06844995341087144,
2459180.2049057563,1.0012813799517373,0.00041554248701045494,0.05837510549432758,-0.06583671246470484,-0.022828117049915695,-0.011474303937176633,-0.09307341953905567,-0.15003925174338875,0.05513439916950681,-0.004467384061034963,-0.07211425762494891,-0.06513929676509692,-0.039745287921936434,-0.05906095566638912,0.002733700428765839,-0.08659401443426461,0.045857395954545806,-0.06823831953192308,
2459180.2056004824,1.0015981826032772,0.00041559934996787,0.04490234617801507,-0.0869886203547558,0.05580198675321574,0.14031493701342723,-0.17232404635823576,0.006603967762094951,-0.14139012417034194,0.04852487712814453,-0.04918845326534134,0.1429011668660702,-0.03555751213418494,0.20544513507516263,0.22377025200753534,0.02783033442049907,0.037033206835112485,-0.07075737395342069,
2459180.2062951983,0.9999695080194086,0.0004152637801959832,0.08524591659173278,-0.05847378499182229,0.03925107089571767,0.06206457932090058,-0.05371431429289535,0.018593123761503412,0.007809909557128959,0.05152009326429169,0.040161555541536886,0.06238511119436287,-0.07058634479807617,-0.03028000893202472,0.036859275581936,-0.016621352419889004,0.07042108455302117,-0.06979897594923923,
2459180.2069899254,0.9996293542353967,0.0004151790031843514,0.13609733414507166,0.005754099710566388,-0.05926194105773831,-0.058866061628784785,-0.03787961859420261,0.02475455061476311,-0.07748636786037477,0.027429034918016956,-0.015118984556883219,0.07076726330395758,0.00757192443505758,-0.050764456097599484,-0.0363687688635691,-0.00939594226666639,-0.09380690455243756,-0.07300714737256364,
2459180.207684652,1.0012419020318872,0.0004155053247928591,0.0028576255659325165,-0.03975209031203195,0.1185351879089182,-0.13151145558021732,-0.060114963514502774,-0.07719839517003166,-0.08406752517011352,0.067422622925663,0.04337059738429099,-0.026059842887503154,-0.004270239492789914,-0.0010206976067927672,-0.12310828996515695,0.007543934840241535,-0.0550798364967211,-0.06882082132683195,
2459180.208379367,1.0000897152000783,0.0004152758303274038,-0.01301666302103069,-0.0741126647240177,0.07231833499765263,0.012012098813349073,-0.021571762886301374,0.024182576722088792,-0.026068224191619388,0.0855628294471054,0.053814474117912875,0.054280851908483974,-0.1468781516555311,-0.046668283600460186,-0.021672256950071186,0.040211518153026114,-0.007336524138724913,-0.06890079597147679,
2459180.209074094,1.0000901376474678,0.0004152670909606729,0.03993333114556841,-0.08486609086199177,-0.11155718292407706,0.021170709707564083,-0.09262016952463584,0.03401505878211056,-0.05418146079284954,0.05297963121302372,0.10111523647255288,-0.04470461189859186,-0.032195168530201906,-0.0327386764378078,0.02393195026027109,0.015592807663052197,-0.02117167552443992,-0.06633448881250605,
2459180.209768821,1.001299902786413,0.0004154909795261474,0.07664881437440436,-0.17290667642188245,0.030721554000152695,-0.07258893047508982,-0.05621859993359382,0.052829244410107674,0.06203779810053314,0.0389096846269213,0.04469362483713105,-0.15394011725433435,-0.03633632095646026,0.16947127262639608,-0.06495387441756115,-0.08276266903845186,-0.014240047624080902,-0.07167258228419474,
2459180.210463536,1.0012376427917975,0.00041544380838040703,-0.035532543503808856,-0.07979944647653203,0.06800477930464904,0.04030582247806482,-0.10291705285166523,0.03776547830853749,-0.06878328538429479,0.07360284167856544,0.08337036085119834,0.06763389660320282,-0.09027720413869149,-0.035945068090998414,-0.048276337082554334,-0.02924720414765809,0.019675809571426228,-0.06896828785396299,
2459180.211158263,1.0014880009042728,0.00041552732147491077,-0.03545744378199208,-0.061019361289154465,-0.0007649833262679422,-0.030906561677049246,-0.051084859971810274,-0.0933550564574075,0.2120198110554273,0.10047843286903294,0.04733353721273885,0.014175995908674592,-0.029446992262896595,0.042027134327925424,0.03149710626313628,0.01098958343235237,0.04498926319631758,-0.06514645534320719,
2459180.21185299,1.000954078075771,0.0004154343791088167,0.02293046797846333,0.007740495900962684,-0.05044570302391371,0.06530293223656114,-0.035230668915148707,-0.017956600231435034,-0.02149410072832305,0.10234988462882773,0.11738076360854069,-0.015162153467119938,0.019022360930879303,0.05520860880356948,-0.1170033706062949,-0.12583380799565785,-0.12149199277619095,-0.06492781580814364,
2459180.212547705,1.0009827079031313,0.0004154028760764157,0.0021814790640464544,-0.030586938878267782,-0.02854615522355137,-0.014915787086231622,0.025625239733273558,-0.0032559118559196184,0.06782296160707715,0.11927620574300014,0.11517845417408654,-0.020418813465149982,0.013432985533785038,0.051599541179346516,0.04525728558253765,-0.16773428913244112,-1.3429739418916742e-05,-0.05971291491101346,
2459180.2132424316,0.9999591265663974,0.000415230243307317,-0.06869419171350487,-0.1538378571848383,-0.05469980239340803,-0.08049352527244263,0.0544809886448747,0.149000563722367,0.08475261602952071,0.18425946990974681,0.06380493645982212,-0.09161677200122535,-0.09024716349890918,0.04958641344437402,-0.061102445282462337,-0.06610810629835269,-0.004186593278830465,-0.05856545092709243,
2459180.2139371587,0.9996681597020224,0.00041518276917537156,-0.006505051071856716,0.10370924305974867,0.07415370231689519,-0.02205430957557229,0.049797267331656986,-0.14729518153493837,0.04228323011504603,0.12077613515210092,0.05208807496166391,0.08279671149411812,0.06869430392659273,0.004667951227480028,-0.010615616569636721,-0.13215830678733348,0.022727042818861717,-0.060010366606358514,
2459180.214631874,1.000906886874387,0.0004154403842558324,-0.04233946940813188,0.0004132780746083731,0.09944828580047359,-0.01530121068147342,-0.012938958325798559,0.05136954128317743,0.05522582329423999,0.07262989971553406,0.057106651317086365,0.034144058591783044,-0.0933820734394728,0.11036515455752735,0.04400322584537192,-0.02374392294000812,0.0441846879298964,-0.06341472469917923,
2459180.215326601,0.999994196878629,0.0004152737545104876,-0.09196504355577474,0.027544144830643432,-0.01888194382619216,-0.035346171522770316,-0.05965076816126345,-0.0011467572076426498,0.005808144455917182,0.1185411319227203,-0.044978434637159975,-0.13107164349540412,-0.12827545765123285,0.03098913014719086,-0.0005144741388428159,0.022757664301343024,0.010254012420283516,-0.06662335082576232,
2459180.216021328,1.0005180231393926,0.0004154492858848416,-0.046055798034503416,-0.0334923169897172,-0.08662123400026939,-0.06563964865749687,-0.0663225177927641,-0.052141309742786225,0.036086877486513465,0.10645440197742069,-0.05585086289660385,-0.038049109423045395,-0.018764760759249745,-0.031938022918504824,0.027584540787452372,0.028055666008209093,-0.150702571155168,-0.06557775467317915,
2459180.216716055,1.0002838773699596,0.00041552458142327873,-0.009885266786829135,-0.008253860884933914,-0.19380610888125738,-0.07665702663263482,-0.09408911156621083,0.1530607610137416,0.03566168267825595,0.08855692809129022,-0.124261606256026,-0.02820115398436987,0.004748217138900034,-0.12354642754855458,0.013178668482076324,-0.010044005290587956,-0.09260790021371455,-0.06810655486748934,
2459180.21741077,0.9997865501917892,0.0004154695859151846,-0.011138346304517162,0.026302385845108717,-0.13390120513717996,-0.05956129742247512,-0.10459075692530667,-0.14899873158368104,-0.0699632739408356,0.042539161134817344,-0.09906405896349813,0.03540633084139342,0.05483986001080015,-0.0460452499289223,-0.04881432046677199,-0.10318802298382075,-0.12184514301376562,-0.0654031200935802,
2459180.218105497,1.000527432466323,0.0004155930762979096,-0.10172424453474611,-0.13436252961061146,-0.010659925248500278,-0.011312874830704684,-0.11869936738989241,-0.04363878134436373,-0.026119417075394776,0.06862564803837488,-0.01393932209890238,0.01698784794971251,-0.05483490974914493,0.05724935438421994,-0.07541860641746921,0.002349413304093032,-0.021422820775220276,-0.06537239371026698,
2459180.2188002234,0.9995460487328616,0.00041539574158480435,-0.05620886843596833,-0.06152990774248627,0.04694007734611695,0.01969330431993054,-0.08237753861705222,-0.04131419921540943,0.033037396218565024,0.07289258449101217,-0.0034392307897626057,-0.026916821932766205,0.04298762462926696,-0.019285874775443128,0.08809565020241807,0.1257351682335137,-0.0781738103701539,-0.06433503767841121,
2459180.219494939,1.0000746381641512,0.0004154557938850711,-0.03297137493449921,-0.06409110379382615,-0.08076240952205208,0.06216886091372043,-0.05960427206753835,-0.02427677019747096,-0.016603540422815432,0.11510992187167761,0.025281710476574976,-0.06703823478383951,0.11300326044299197,-0.020600018715285443,0.020171179779817416,0.1576456769898918,-0.05299193934823109,-0.06412058090386534,
2459180.220189666,0.999330993822214,0.00041533318696954975,-0.0375764494927796,-0.013753182191842796,-0.04351376771018314,0.09608961704509213,0.034640365730780755,0.11944687869406136,0.05568778196979391,0.10187242487364594,0.03163618800221774,0.010817186463008064,0.10775554276329502,-0.00649345872638803,0.0739555055336534,0.04462014513919706,0.06074422783094352,-0.058586040902557694,
2459180.2208843925,1.0003388685243062,0.00041545997460597694,0.02628748320601063,-0.024827903331220258,0.020517363288461474,0.01687739040777919,0.014011190465100397,0.13210010841639663,0.03801482214188867,0.0784435350321816,0.012072860652634384,0.0431342580166811,0.11033373850079534,0.01637336889367198,-0.007702746989604515,-0.035996889030057835,0.045923600987019586,-0.06301016245172451,
2459180.221579108,1.0008378355109315,0.0004155076303194147,-0.01565095133123391,-0.043843636082455936,0.11622337710108947,0.01842776314213129,-0.12836009179638905,0.11540710607193475,0.05680576965462718,0.002092111429206825,0.018173700626591547,0.015105518836514042,0.02239714408859163,-0.06669084929447808,0.015533174919775513,-0.03353631660565802,-0.08229449317957331,-0.070023814100785,
2459180.2229685616,1.0003155811902527,0.00041535405576995,-0.036775879990185834,-0.09800828665321207,0.031758105343673765,0.07515038136514453,-0.07181892249525003,0.040400190425659566,0.02558184590902211,0.034544666614189264,0.007972329148135155,0.03336424861795477,0.00088589873584153,-0.007670520808473578,-0.06581459515238738,0.06510398896226242,-0.02719958974492555,-0.0655380934530474,
2459180.2236632765,1.0006719669446928,0.0004154343154839618,0.04019838142433053,-0.07793143659351683,-0.045388156614802964,-0.053548049140858686,-0.06226898880516501,0.09926454642798707,-0.05573331683721267,0.00031607700177960625,0.06594405603319009,0.009413938277786074,0.022406235010061757,-0.13214990608809948,-0.10653857700317058,0.09046807707620315,0.05353823884099505,-0.07055706864353234,
2459180.2243580036,1.0010230152961488,0.00041550953926089873,0.02664209802443942,-0.06760749770358299,0.01269918776886266,-0.0010886905433523859,-0.03740795581194157,0.04126375449867718,0.03590107541338826,0.024326447258946126,-0.007416382420041773,0.01829229327697962,0.019704868362132505,-0.12022148464356537,-0.08398483592844729,0.054718141646040254,0.041960248901449615,-0.06866004035706497,
2459180.2250527306,1.00013547602558,0.00041532868686319633,0.01379412958980697,-0.04266127954824728,0.0764236919658219,0.011934487009573298,-0.07030823341993322,0.012601068407643808,-0.11426549502918291,0.007000938006058594,0.02236821586870835,-0.057405729437772855,0.05357933799007782,-0.14095297960636471,0.05619351882185601,0.09633583856590974,0.055602498236738976,-0.0695801738114912,
2459180.225747445,1.000838793059539,0.00041547585831972877,0.0022383211710971826,-0.014989652632458241,0.022125327779797897,0.008506111399850863,-0.052698173067651316,0.06613506109412243,0.040459016131889916,0.02805469509619275,0.0371186975050404,-0.11718178497471905,0.046710617775621445,-0.15853913391815852,-0.057305258039682526,-0.0035905201139386452,-0.05680384262696634,-0.06577605840809723,
2459180.2264421727,1.0003927726564705,0.0004153755044415227,0.047400601221638784,-0.056141745519140945,0.011118871387206145,-0.05264724127859104,-0.08874139869616021,0.10376821788639787,0.07641010311571164,-0.024762183724652092,-0.018974351480572266,-0.047559228348944375,0.022073661357744294,0.0681200462691314,-0.07408009899172871,0.04770204401427954,0.005150576776676384,-0.07226702043934033,
2459180.231999953,1.0005367622599266,0.0004200615378403752,0.07319337691020046,-0.06500518851479345,-0.0052456918998781904,0.016711339780817323,0.03568489918788383,0.04298287487324682,0.04077176041298665,-0.014697632800047447,0.062131868827982634,-0.046100576487016945,0.032635355521608594,-0.12090431452140951,0.10121765708321544,0.006307301443990924,0.07799785206294915,-0.07073743721678437,
