BJD,Flux,Flux_err,theta0,theta1,theta2,theta3,theta4,theta5,theta6,theta7,theta8,theta9,theta10,theta11,theta12,theta13,theta14,theta15,theta16,theta17,theta18,theta19,
2459160.4839781,1.0004616370138322,0.0004156957523464704,-0.04225546059867613,0.26061151139555844,-0.06151457845050199,0.06395387397810133,0.06864980565736645,0.07108264826825046,0.12140992904438525,-0.11896156223286448,-0.08482376413752708,-0.0807762460848356,-0.11760727462581676,0.01274776494303224,0.13732835661433357,0.055209888320786694,-0.1239124133276859,-0.016434607051880636,-0.059280380976219085,0.17384243401667757,-0.08332114194177669,-0.04206322839968169,
2459160.484672843,1.0001938829268169,0.0004155511821589656,0.06174146673155997,0.0779888781318159,0.03418212252208312,-0.06993781619228548,0.07759127498796894,0.01949200503502639,0.07847828549440003,0.0349737914050289,-0.0012441204141333219,-0.0820139673435879,0.017058010687496346,0.11863949484560782,0.07749190162773617,0.003135852590380785,-0.09112147860529926,-0.025752070414779844,0.04354441924271749,0.010940784409127742,0.01217374116910602,0.02087083540725042,
2459160.4853675854,0.9996250109300842,0.00041539889441428654,0.0919600138750122,0.036767514305565546,-0.10772257146828972,0.05212963874732024,0.16941688707836108,0.14451415159096573,0.04379507494648534,-0.001992829793096059,-0.0040459394390346855,-0.004163552781813301,-0.08404691995563437,0.1106968098007214,0.027603155172019014,-0.1434156063413337,-0.13251961766804388,0.09517527788121181,-0.029683470024132297,0.07660621641277299,-0.04760494448585502,-0.10616984057346973,
2459160.4860623274,0.9999061848140277,0.00041542722668886446,-0.09325476018211218,0.015736614326434528,0.06941394687161749,0.036764265739484214,-0.1367445237942325,0.14042677101729423,0.046582895681466285,-0.016299988604180412,-0.08950994326768612,0.02974021313311754,0.1018051578272556,0.16883595801222132,-0.04708404966719063,0.10214750020853496,-0.0689680481508746,0.04210000686833412,-0.08813821896311883,0.09844744915352133,0.003983244593326142,-0.13362180270231086,
2459160.4867570587,0.9996896680689332,0.0004153518271272491,-0.011092060128934031,0.0089556015908544,-0.12049209718287276,-0.18196910750862744,0.15495859028353026,-0.08131661183916017,0.016277763508419727,-0.15232183231457272,-0.07795855425752907,0.1578475383994378,0.04541431366509922,0.08135921285654228,-0.08340540054409819,0.16042606203071902,-0.10249021895611382,-0.1502257890353143,0.1030549235072521,0.006616856475351707,0.12379933095982194,-0.06347874740325225,
2459160.4874518015,1.000462117312796,0.00041550317130300277,0.0674374050161848,-0.00787508042374152,0.08546814111504049,0.0018516427434610433,0.004760160126214611,-0.08860253633040047,0.026770579333022036,-0.0594366306146354,-0.104364286637643,0.03278779205912219,-0.04664097967559974,0.00400436903594454,-0.05769558275762522,0.05403158104690658,-0.030146766006892867,0.09611508148548736,-0.09444282421654548,0.02652331357924964,0.006917567830132756,-0.05924811310377319,
2459160.488146544,1.0002636489024572,0.0004154247268641505,0.053814674244092434,0.06616892733121088,-0.042471694029236416,0.05837297652175023,-0.0343166316199979,-0.014164619485760283,0.025641112142199267,-0.0900332392483963,-0.03131757090419636,0.03348632077479161,-0.053641541520717845,0.03220244729957051,-0.06241550826212486,-0.08345477168367604,-0.058520021877261796,0.04045862671338591,-0.12723562807524536,0.09133926358289302,0.007604567756785495,-0.05195116792211863,
2459160.4888412864,0.9991641396919968,0.00041521824076136817,-0.010466835431686063,-0.0736350456760328,0.05881000478042629,0.005853810058481133,0.008458663168306693,-0.04561313311908233,-0.08040607256069285,0.03978525156625956,-0.05179505568021231,0.053105230462149385,-0.08606811006971282,0.0901374513461951,0.028044567238573098,-0.10391962958378521,-0.07368454648122938,0.026114694732680528,-0.08442975994643553,0.04462733620431329,-0.04199837289054567,-0.029216302298281063,
2459160.489536017,0.9996557425748371,0.0004152897494052128,-0.03222701305410546,-0.14123184917175316,-0.052852089645573336,-0.0016806079833086025,0.0816851702538518,-0.08025959046265616,0.03775755968555966,-0.06581499845603159,-0.030756671550634718,-0.0782985588262077,-0.08202521463941011,-0.04246992003761618,0.02117197489672186,-0.02914646749153742,-0.08611083211547099,-0.0013955448027498877,-0.1282855301846537,-0.03757229902376317,-0.04898608211142694,-0.054511336822126236,
2459160.49023076,1.0009207551891037,0.0004155390149854601,-0.0045967928454935525,-0.08398827303834272,-0.039590443763420816,-0.03233622405396633,0.021513404721609314,-0.09142965243675194,-0.13405679656203634,-0.06373169256343073,-0.04813434621013937,0.04888415421147704,0.03715251761479785,0.0037693714753277985,0.14348409787985117,-0.044090590428089035,0.022035684709282813,-0.1587003449747149,-0.15418015964121506,-0.0077275878979258285,-0.17043211490891355,0.01045696052100114,
2459160.490925502,0.9996196859669461,0.00041528602415801257,-0.0496276167104598,-0.09480060868543659,0.07013728467008853,-0.025373719235012304,-0.014012704907334889,-0.07638783509634284,0.05782964298237376,-0.009176132995065756,-0.12627677361437795,-0.04044742084139231,-0.06521599050929772,0.052405920258938865,-0.043142934365231145,-0.04596872739866552,-0.0295664898603254,0.036768259868439165,-0.07417641377579359,0.004706364100295664,-0.022416190283548625,0.0061997079506766195,
2459160.4916202445,1.0004077500569821,0.0004154254830016423,0.02675778212512745,-0.016985567465445644,0.029972040376843735,-0.030154564423454273,0.024966310133807013,-6.775125192329257e-05,0.10353443036286147,0.005009577179206998,-0.08633823676686664,-0.07287232370328199,0.07256986810782695,0.08139524002605046,-0.007742030155441532,-0.00776709673147926,-0.1162216549004872,0.04984358430271491,-0.024854363237948884,0.026399449190499896,0.034003286615479966,0.060224546357733576,
2459160.4923149874,0.9995243615699924,0.0004152652372301693,-0.14545356647889865,-0.03038600010745765,0.015182184866195336,-0.005760568068239294,0.015160006705359441,0.016836554503492272,0.07419548770663631,0.035556124193842215,-0.16868259723517198,0.015131227722222584,-0.08830948912120043,0.008744818382127961,-0.045663941901224914,-0.09026409288889989,-0.14485050200852195,0.02384737105236554,-0.07167196930679107,-0.022772241085977703,-0.0014762594000824747,0.05527719699503587,
2459160.493009718,0.9998958478345337,0.0004152924227321438,-0.04793196580496811,0.025138083295300945,0.04317466926948588,0.041820599892059336,-0.0006026260305151475,0.07238576647616175,-0.1255660054811959,-0.0467964704649555,0.024682680255844816,-0.15041726893325036,0.042719732527963614,0.05346045911381863,0.03896972559766493,0.048735369337085624,-0.13911430648501016,0.15380851847889287,-0.09334591629582613,0.05268529012736186,0.0838044406154754,-0.05164136521396715,
2459160.493704461,1.000668846093288,0.0004154772027101682,0.06461198886977673,0.05693805643638932,0.008942963846030293,0.053276141380312676,-0.1021150735297702,0.02459062938031343,-0.08872751517840816,-0.08984143733653809,0.02315302686745957,0.10671150799179646,-0.029920113272748947,-0.033870824809002366,-0.033850606369007274,0.0261304468958094,-0.07975023960842981,0.025380268682532577,-0.16566909820183132,0.08494885798213513,0.11326955710763043,0.019682786869587653,
2459160.4943992035,1.0002953717835141,0.0004153834678681773,0.03645195521168981,0.005814652108990989,0.04711782747495566,-0.014358248195963907,-0.055287558188967224,0.050313214449889336,-0.008432447349553673,0.03055713860017438,0.025875734119700178,0.004255145103020885,0.06741830630670911,0.005666726711462435,-0.0044136204989558,0.14528094057992352,-0.13161150565154012,-0.08411491472194269,-0.10094613747157945,0.024149598827398748,0.012946121505937935,-0.02385155617567122,
2459160.495093946,0.9999427525272295,0.0004153199492043468,-0.08312684469973051,-0.03646111845494377,-0.05702706084880878,-0.034822667323575786,-0.110974151664756,-0.0017864029995709905,-0.12185212075625096,0.034724173052927965,0.014527332762192424,-0.04389363945988342,-0.09765325597179535,-0.06533719282056065,-0.0059401983663971425,-0.0495796542191306,-0.06772464262049481,0.10421580717346064,-0.12087386391022742,-0.03490835928954951,0.0043850564865837716,0.048315646858981584,
2459160.4957886883,1.0003041633965846,0.00041535200586858303,-0.09301191082714633,-0.02645515759888185,0.103886182623431,0.02874178942007373,0.02921933537283264,-0.06661198286333628,0.021880992444410413,-0.017547992896294815,-0.018936397504657157,0.19031555406095207,-0.01883595199913947,0.024278160149937767,0.15185384107427255,0.13872034748348844,-0.14954706009998212,-0.026299594537606608,-0.14026134245799046,0.009847714369970293,0.10325659954452276,0.046159709631918934,
2459160.496483419,0.9999828234684545,0.00041531405632632155,0.08339735995680389,-0.0729561109308247,0.15021333683320312,-0.14674595909035437,-0.0184545664537129,-0.019413595089822173,0.19620538790828196,-0.034394714301532125,-0.018069008693691803,-0.043886859209724294,-0.0003515966667346185,-0.00506608460975572,-0.04792744090613166,0.046388580227130105,-0.10822340066519201,0.043903148434127987,-0.03236341491115973,-0.014679771879192425,-0.027250426854810383,-0.010345359876708562,
2459160.4971781615,0.9994225958522607,0.00041523214942213723,-0.018175168554219356,-0.10001679481595326,0.030904134103246994,-0.07749491721791098,-0.017852015451178316,-0.07011074708248999,0.10349073888287352,-0.03864002256837121,0.04220853114727385,0.003827468569602782,-0.004164471015450689,0.00529857530090889,-0.15712694005638916,0.12744352995813826,0.03424191951871309,-0.028846250862810896,-0.16300193419381862,0.07117232439515121,0.007610278716230157,-0.003557690356009016,
2459160.4978729044,0.9997899358662721,0.0004152878866627058,0.08299677380527726,-0.17122097489265825,-0.07429050367238005,-0.13753851832131278,-0.0663093828670358,0.01420353371435019,0.05447787264007187,-0.019496656240475002,0.11669098215864113,0.0697181656844339,-0.2075754430282249,0.020168507162025496,-0.14766254459942374,0.09993739376105298,-0.08734799555170576,0.02879415148979385,-0.10245014873752023,-0.06729292238834292,-0.19384857113258325,0.005005107679855569,
2459160.4985676464,1.0009127507057176,0.0004155210802597584,0.08824457354453413,-0.0669647709683928,0.07739399436298916,-0.11505919826373696,0.14152881836804776,-0.11624639629643288,-0.08231254853091054,0.24208417562650647,-0.06005382015204489,-0.002085529790088969,0.0815228856228523,0.049239233450759826,-0.029264014941068076,-0.06511426511831653,-0.01152803759260204,0.05013082631454742,-0.0462429178751159,0.05632637329786783,-0.05100508694668436,0.1573897012215222,
2459160.4992623893,1.0002268413704194,0.0004153828075155669,-0.0395156179284194,-0.004021303087789172,-0.0664398791060829,-0.07647861534737767,0.015341657918961804,-0.12130093432569267,-0.1090054387685397,-0.0601139716246864,-0.022581317118314577,-0.03892386376843149,-0.00440477467283336,0.12841353405086142,-0.050655248940158354,0.0173762955401639,-0.06839857396672114,-0.01639668628141494,-0.009316863495790159,0.04578527908389375,-0.023629413068743367,-0.024971658334767735,
2459160.4999571205,0.9995840676272693,0.00041523272733073223,0.0057054839333636476,0.19749875701899278,0.05674053446150806,-0.09027486356524898,0.027783478612354584,0.028815472303537475,-0.04054455619675598,-0.025820506011112354,-0.06335298431001565,-0.08041702917927446,0.09809574012762644,-0.07284002645262706,0.03181606404058568,0.06323971321131977,-0.0176191543138619,-0.05132385523890685,-0.10513933622442817,0.13255002382951703,-0.054503055569680714,-0.05684853114728999,
2459160.501346605,0.9995060409085821,0.0004152294124729719,-0.03633676524896817,0.023026769876148823,-0.07354014542907589,-0.12183613321305549,0.017120135768930497,-0.0007081475929861432,0.054384192049959895,-0.0324056362782292,4.795876205536266e-05,-0.04361455529738889,-0.03858105719173475,0.07825990274464349,0.048269848599124934,-0.06525174972937159,0.03727427940070485,0.07634499624672118,-0.041313691229019546,0.14031431895009278,-0.14084004521947346,0.010281695661522955,
2459160.502041348,0.9996225056122743,0.0004152513247447213,-0.049063776973191114,0.1258001197785513,-0.09940713905655174,-0.07238836914042672,-0.07506188390420837,-0.012188381410731952,-0.04603916336985627,0.050786502696680336,0.010490575919961954,0.1571301495986448,-0.06666091875257615,-0.03340627370026603,-0.03892340152249679,-0.04824323900640318,-0.06893474057074303,0.16985368055941968,-0.07432147064016871,0.06042333284723769,0.025481393800095807,0.034003401956914724,
2459160.503430821,1.000069661922864,0.00041541976328469477,0.07608290509607184,-0.04773272158108745,0.022343411075826464,-0.08934110125890128,-0.06282337132534474,0.0515164154077781,0.07851993061442077,0.13877548749413,-0.12542486678056788,-0.015821895245568634,0.04500309911000309,-0.023643856203001093,0.055119206397214515,-0.01574207018045326,-0.009840532413485942,-0.012305186991520778,-0.13084456897097316,-0.01008854493062199,0.03362276088204651,0.1213764890603449,
2459160.504125564,0.9993924217444934,0.00041529099906926093,0.04211314602491342,0.00994253158302077,-0.09593357366714006,-0.1532528326678621,-0.023920914122586564,0.07905893107581118,-0.08154439552864631,-0.04489797961053292,-0.07300482694655591,2.7981964615548735e-05,-0.006554260900614941,-0.025728757155213836,0.10194489560698246,0.055275091741443697,-0.07174520799923398,0.01618307588615442,-0.03460740989836769,0.0456848406798187,0.028946892961488935,-0.161343207310915,
2459160.504820306,1.0008459836469297,0.00041559054646214764,0.10585364333594835,-0.0793281676466871,0.11146887870582177,-0.0930892109604052,-0.10316093280863357,0.10056591117892341,0.0029331007483900462,-0.022174331673081304,0.015672898111281575,-0.0617383551409183,-0.09221218859829895,0.036250747230255384,-0.027440405247974933,0.000674728101185032,-0.047486015877955964,-0.0766765023609226,-0.0740086925953737,0.026551678777666038,0.13925016064340082,0.1510736427023781,
2459160.5055150487,1.0002468899609005,0.0004154858615030175,-0.024574679204345834,-0.010144710724312857,-0.008995566472957517,-0.07800981191947812,-0.02544910505674367,0.002986287811426623,-0.13679161686111008,-0.015521829266447906,0.019559015401349574,0.04403076320834066,-0.062202642460034666,-0.00416359209649583,-0.07874292065420802,-0.047909039901035996,0.02826193971593311,-0.05737239921942408,-0.0568397178052485,0.001113978920278151,0.019116446550558344,-0.07797624710889733,
2459160.506209791,0.998751836550896,0.0004151774932767734,0.10800022171280149,-0.04839304634275247,0.05094349912319529,-0.11109050122996958,0.03724108430166598,0.06073812930507466,-0.051464209175491944,-0.019304407570873205,-0.007547905460061637,-0.0045031729310610205,-0.1970795507615826,0.005004002501747794,-0.001986018318360566,0.0817749890371881,0.014041553251140461,-0.038392125343409265,-0.024216113364984346,-0.02576449368706925,0.08093563630633731,0.023328573976101996,
2459160.506904522,0.9999112254805961,0.00041543961113941493,0.15150124484575722,0.07953404860170482,-0.04667967090434916,-0.05468849822373278,0.025059196704544866,0.14088506402914971,-0.002810668630106196,0.019169715659158093,0.07847064259810747,0.18207468929324355,-0.003921831103910126,0.003785683617730293,0.029599726905532454,-0.038942557998637946,-0.0523154302752228,0.08784637311913787,-0.0801014266380796,-0.14581922950653697,-0.011938594483246094,0.04348802486829251,
2459160.507599265,0.9991729008305854,0.000415295612579172,-0.021180792791796396,0.026720461716134056,-0.04859813147792219,-0.09450372322816275,0.006856097815320162,0.00966284377811182,0.0696399395486559,0.11235105739712957,-0.009778472758764109,-0.022124794015481727,-0.057312772080266486,-0.04166507682111806,0.05755800737131624,-0.028340298706405274,0.15881673871192695,0.04009230470649583,-0.1631902508393048,0.10263547045954087,-0.014386227309884208,-0.0017049220938429865,
2459160.508294007,1.000176987443526,0.00041553258773315444,-0.04073283699677975,0.08082072778006981,0.06897740092584588,-0.03983900823709,-0.022018984402980717,0.03426169244152477,0.09998181470227707,0.05141715032701348,0.09662306982523024,0.042654481909551,-0.04316660050101039,0.01486800616043235,-0.09795257799131925,0.06328685275516867,0.0679324704334139,0.04390315328537449,-0.08800884071167517,-0.019456437374321765,-0.01085061572240698,-0.035739962868581845,
2459160.5089887497,0.9997900416551481,0.00041542195420005487,-0.09708952637177681,0.04721074973664406,-0.03533790682551434,-0.1522744683993319,-0.11606264138755223,0.019710430810347512,0.022537593245745603,0.00841707969187839,-0.11850318293713852,0.004532102907769155,-0.04578470942223193,0.022049961238340594,0.1456649436689054,0.028688652733723615,0.010606010367926568,-0.1292065298715147,-0.03833081113246985,-0.11426263588259332,-0.0979405879923334,-0.06197010185168835,
2459160.509683492,0.9996395696248593,0.0004153978611249463,-0.017940828603773145,0.07519508311527986,-0.0026927776244702567,-0.12024797268383569,0.04622336394245434,-0.022376273132939172,-0.04542298184103834,0.03660639434692173,0.010627332308764907,0.010928984942044799,-0.09168154721406514,-0.06199134083373,0.03811762044463312,-4.811769149794379e-06,0.04498846425755816,0.06312721038479738,-0.09284088980881852,-0.10523093902216585,-0.036948072007797594,-0.017616496575338883,
2459160.510378223,0.9993139404358252,0.00041534615370437944,-0.03963607301095098,0.03353599605203992,0.04494482223018154,-0.10454633122331844,0.04325550924682184,-0.02294957147626404,-0.10849273471115232,0.1339637158601306,-0.06011559007666549,0.03052073908799502,-0.015087101761682419,0.17924594196109989,0.02187007112852334,0.08213793744880539,0.050252375682948346,-0.03063176421922923,0.0467453060569706,-0.06381047543340361,-0.0659017794659753,-0.035434373890728524,
2459160.5110729653,0.9997146645802273,0.0004154275328757453,-0.033113677443222855,0.022435027130256656,-0.10659556135018547,-0.10353470966748805,0.008489266386956405,-0.013482756816900492,-0.1116913868055507,0.05806012655668629,-0.0410344968207895,-0.15720384310565122,-0.1005109422609416,0.06135871372389128,0.05471813439777143,0.02054979300449072,-0.03293601084661053,0.08907427366404132,0.04255208403146228,-0.1330548076528541,-0.01618714002518632,-0.03635180513865538,
2459160.511767708,1.0004094691825176,0.0004155762198621689,0.07808824617926426,0.11594226165449038,0.08701087693309775,-0.05163940491822594,-0.052119043894192016,-0.10088399645140603,-0.015593853617281724,-0.014874837165976791,0.04947368679237258,-0.16198499803794042,0.0046824512639520866,0.1057760131183734,0.11145022873512742,0.0756426419091628,0.043448366267714575,-0.0830157436445355,-0.00638210708259117,-0.05418016125647601,0.010391162008239776,-0.044771490165693345,
2459160.5124624507,1.0000486471120817,0.00041547863316556495,-0.0562978502768571,0.042914701712001325,-0.10589821557590165,-0.06213670262094235,-0.05580913585893933,-0.09181011434796664,0.00730608514347877,-0.004341776440053853,0.037931792786498754,-0.024482742122308155,0.010632373200526875,0.12875390813453635,0.09939851002468243,-0.04941829110523567,0.021685528501428596,0.03723122059007317,0.004748832384962386,-0.04459807987847836,-0.005203474810125076,0.08327404068362518,
2459160.5131571926,0.9995871346966492,0.00041539538578271387,-0.10364794741626565,-0.01851953230452809,0.09953591046791249,-0.02238231505552647,-0.09018233722773984,-0.03858263322408189,-0.054715685088663334,-0.1071423564894958,-0.019264404525626205,-0.08766017484796036,-0.05046606583222583,0.17131998925722025,-0.034109384274812596,-0.0052223100146083406,0.07028903131129646,0.08277956912297812,-0.06357798441421661,0.0278252126735377,-0.0147156529801163,-0.03255557208386073,
2459160.5138519243,0.9993435952696222,0.0004153589555305329,0.08735616534521097,0.0943629963261764,-0.154453509751104,0.04544198290970458,-0.08222927487640326,-0.11705644334747921,0.03214947892011192,-0.09134044689715466,0.1046441711473559,0.05483279742079729,-0.15510992891623404,0.06317527775648267,0.03494099968518222,-0.00996062644443155,-0.028037818783606103,0.04857973297288506,-0.08451749806155039,-0.010577163920819078,0.04128987641383351,-0.041613232062702,
2459160.5145466663,0.9995995582405407,0.0004153845488204729,0.06526995059776197,-0.0029084595379280428,-0.0058791841331045655,-0.017420219386510533,0.07775689355352827,0.11623466024811353,0.04274769646298878,0.08061013260325281,-0.06368434117579555,0.00025038094021828243,-0.009993312870320615,0.13055776251117002,0.07793474026890497,-0.03541841394682782,-0.051276347610262125,0.027876834925430347,-0.08676668064556231,-0.05250671778733718,0.017206172133789336,0.0022355754468568814,
2459160.51871511,1.0002081581322528,0.00041639090402467407,-0.040887922051789836,0.0807300759556533,0.05256081152648948,-0.09536007333531125,0.023509169724165845,-0.006646145120976288,-0.004390134789471894,-0.04837143379556368,0.0024946171038640707,-0.07170809686054161,0.004030792817213422,-0.06072973090551887,0.035359735458820145,-0.14417565128514856,-0.023852749697006303,-0.1383021006385167,-0.1460230413803905,-0.07581280519024478,-0.033027088847113605,0.01918514104410003,
2459160.519409852,1.0003117923548084,0.00041714827947896764,-0.037406342687166194,0.0605314744519752,-0.005937224940638863,0.02234390807480269,0.08448955997135808,0.025911524664834675,0.061685147003247544,0.013632650917646684,0.058658653075548364,-0.0467026813744555,-0.009023136558230492,0.11281212851623304,-0.026150818404525242,-0.0518702906695176,-0.06823581094190202,-0.04732052725544656,-0.1316457792053188,-0.11827309445597153,0.05365574785883736,0.10607983767891649,
2459160.520799326,1.0011079711685402,0.00042693229463388243,0.13341710963933873,0.029760190345646,0.18549072752148363,-0.034517019794917884,0.07767865375891086,-0.02785742159754777,-0.06626832672344482,-0.017077714281352446,0.12034762683275432,0.06346737435291434,0.06025633799311485,0.13966449266386563,0.09428535316649463,-0.014174463039497535,-0.08149698744515364,-0.05617204807652814,-0.07687268561813859,-0.04206587873221765,0.07886160110579643,-0.08445611163045748,
2459160.5513679013,1.000408411257731,0.00041652573178819016,0.0801501308873117,-0.04151843990719682,0.05733163940893804,0.06491888048014553,0.02678896253946026,-0.05628024933991313,-0.10416288624343752,-0.058468136621307135,-0.058254168933624555,-0.06426309775054978,0.003526039765474929,0.061652415103383026,-0.019467900265517167,-0.011580524564034493,0.043294466080265166,0.03707931023963206,-0.004913445146726435,0.04304301623400609,-0.0030260642258978987,-0.05311913483977986,
2459160.552062644,1.000662630627042,0.0004159003925178218,0.049991712511547194,-0.05635807013476921,-0.03777391736550704,0.027101770610300367,0.09540808474013213,0.029670290667264607,0.023305100292844626,-0.040619920659627086,-0.014715843128577868,-0.06658970219513775,0.006425973615104413,0.06809685239146888,0.003546312121005496,-0.021855014863067165,-0.04733279372533289,0.0050648042704682684,0.008992333379764524,0.010186961440269421,-0.027161881036034514,-0.06360022158820955,
2459160.5527573754,1.0003338767324197,0.00041570469086689595,-0.0034225682044082073,0.1333005563745078,0.12300525151729708,-0.06735484670768084,0.03044384329362017,-0.08496737577206923,-0.01261014301598965,-0.05631205221263014,-0.06980947884423293,0.06727075711664787,-0.0754276709697842,-0.14014770300097476,-0.08849764672891343,0.005044974623135168,-0.10298221237949975,0.03173320749083237,0.047833810389201654,-0.06596467751682711,-0.05587730052530541,0.10968089804391146,
2459160.5534521174,1.0001317299065742,0.00041558460160527475,-0.027887744448359866,0.06771462632171112,-0.0017650970846643,-0.07866071302966844,0.02107028639856884,0.005396814088340042,-0.07702057732740711,-0.06715113798864042,-0.053667750018994854,0.008505911357928475,-0.005038705364793828,-0.07233827215481876,-0.028497835192949197,-0.03978257340395552,-0.14164157530540505,0.013980039648842198,0.09760485468169278,-0.032564591459909725,-0.09786690204912026,-0.036626760235594455,
2459160.55414686,1.0000379197094562,0.000415504222390031,-0.19122868272651658,-0.05244525116436674,0.10152650492714987,0.09136735202636051,0.02459753439204431,-0.09184786033099122,0.0068396807850506485,0.08674876596241327,-0.013351061251476958,0.08656894150380277,-0.05124830076353878,0.0450120776812047,0.030501455074028887,0.0267990849797219,-0.0645473322995516,-0.05410072334807301,-0.06103364655267282,0.008139503368204244,0.04212425719089078,0.10339101947205957,
2459160.5548416027,1.000265692340039,0.0004154909670597353,-0.04329046739176003,-0.019281155148991133,0.08502662050905022,0.06098981798461676,-0.05890069743793342,-0.04750712694654077,0.07995714400869874,-0.013011400052885078,-0.018447319475266514,0.02348308133463938,0.039505158879484116,0.08940437677945673,0.036669099449018173,-0.04209700480863711,-0.02890508767148518,-0.07616185873193645,0.009294581441359393,0.10166878682073949,0.0832709165132099,-0.04748812765014662,
2459160.555536345,1.0005028968549805,0.0004155231691696106,0.011182207339581557,0.0059923839917646405,0.15159300998242828,-0.0713534071885487,-0.006683299883764536,-0.09254410220468937,0.041744941721406414,0.049493737921913805,-0.018545781734654588,-0.030832263381130147,0.061542275749169796,0.006749637967355816,0.04945733883079076,-0.0027608270677652812,-0.025238588247090566,0.04407877336300735,0.04736069722417048,-0.05121501124577692,-0.10275433974098228,0.017036045089390855,
2459160.556925818,0.9997582070233108,0.00041534658579243965,0.061265442236587316,0.05006040004080894,-0.03506834819543111,0.03319214986287754,-0.04411791391706602,-0.10777361407184456,0.08928723994312247,-0.03141215337987401,0.015448092972131683,0.03136494812086148,0.06139289928140552,-0.027724854005908597,-0.03016631892788384,-0.06451213481813223,-0.04711147034734717,0.09614437730135135,-0.03246835051465339,0.015242963466319986,0.14521012378880066,-0.014955650261277598,
2459160.5576205608,1.0002481770635294,0.00041543280074877667,-0.024915070289144314,-0.06514768317745663,0.062480744137853664,0.038879195483105505,0.026399129263628328,-0.01728866960377609,-0.01950229670640946,-0.1313233044897228,0.03978968496359968,-0.061771833814492805,0.040511972070593795,0.014425422965963455,0.12357542277903456,0.00850161233046632,-0.03248671326871376,-0.07956333285868207,0.005574226290850742,0.006972900917007661,-0.1304073986416284,-0.08775707501681704,
2459160.559010045,1.0002460454185198,0.0004153969800391916,0.07540925816865879,-0.020427125816111516,0.06060232220529131,-0.05874213596126053,0.01555135869920647,-0.09320519827191545,0.02005975548744481,0.07787717082579715,-0.010622946571057881,0.08519748981190714,0.1124099620482077,-0.03136120765785026,0.010666295165807955,0.007431978571897678,0.007469888319260313,0.038642900959816893,-0.03398193314253137,0.01484653936597173,0.026881155495258557,-0.05191797799204169,
2459160.559704788,1.0013133257603217,0.00041560630835279534,0.09604716232046262,-0.15032450775009792,0.032409083687828896,0.002664419221507762,-0.031277001657670264,-0.13517218813941234,-0.00890902179409825,0.07646414666856115,-0.09030757529577188,-0.02770287365537763,-0.10093298542984352,0.025061612454486466,0.037888090574657925,-0.044899824197824116,-0.02033516154980901,0.045260818372485204,-0.006765923943598294,-0.003416778795527598,0.07633690414735224,-0.05972385935990408,
2459160.5603995305,0.9990611491085595,0.000415156111365905,-0.06959867387699378,-0.010896800438742105,-0.011537648211765544,0.04208321714823023,0.08105831194269737,0.004135959528414112,0.006474509187248511,-0.011641538528165112,0.07912671872190731,0.04134712521994417,0.007752877577038576,-0.013562386522181356,-0.04580181578517695,0.038389495680429625,-0.12772319235126503,0.10227654716769198,0.0026157958288579608,0.012241145937400487,-0.012200931890794828,0.10403247181724666,
2459160.5624837577,0.9997471291059256,0.0004152722306920708,0.054674100741878055,0.03680869729079368,0.024268243130935806,0.025445816989898208,-0.04491045413149191,0.021593163310538704,-0.13299944741679423,0.01107615201058431,0.1091370824301343,-0.012744868391137355,0.09250252536265313,-0.04467520363065993,-0.004316983590600126,0.017554884075788407,-0.009551386853031004,0.04645700539805603,-0.06241542525376497,0.08964863787772336,0.09792229445051402,-0.027971827347329344,
2459160.5631785,0.9999557375405674,0.0004153134338308056,-0.04128355153034696,-0.0883460076105176,-0.10547086756531852,0.009453697939426178,-0.10376502609938919,0.11153313496115191,-0.03207929442156372,-0.029745053867447656,0.023984949915623773,-0.019424289125857825,0.025002949075975632,-0.084977189218979,-0.07711035918355641,0.0027830109329053344,-0.09316709644952993,-0.0694110860073863,-0.03897815671730392,-0.024586036036484314,0.1455125042205398,0.022370412160691903,
2459160.563873231,0.9998493566874035,0.00041530348006300097,-0.006276508812235256,0.0037981553346776976,-0.08271108338467854,-0.03641081459180735,-0.13063658981659176,0.006228014590589893,-0.04980278567646286,-0.0035650841902132753,-0.164926135964473,-0.027055539129855196,-0.037052736061096866,-0.12771367261127076,-0.01562954386864518,-0.02411839459898849,-0.12563954917713885,-0.11918129904295752,-0.00644720204687633,-0.02155226820095537,0.02596875242055424,-0.012391792729145215,
2459160.564567974,0.9994443572709221,0.0004152095544096967,-0.02004968153178728,0.005048227761318119,0.08681385489137124,-0.005529850632984979,-0.007700841841895361,0.0045044149882062815,-0.007008249030121644,-0.020893008890092667,0.05918963004544335,0.028083332702916283,0.11570075461524554,-0.04021307713070645,0.03745677727884877,-0.07022566717592393,-0.08559632258552648,0.04077315331388559,-0.002699163324786556,0.0022209399321692076,-0.015513847952594865,0.010333015342848015,
2459160.565262716,1.0002499617485785,0.00041538316004293715,0.016797701718679836,-0.0041215856036554656,-0.032158688723573595,-0.11361510403028212,-0.08311470884275751,-0.05224882636955393,0.04865803354111838,-0.02142602622004213,0.023777430370224013,-0.1139886682740204,0.08202606646768254,-0.03854396243380275,-0.022525798456927412,0.023106629074256004,-0.04585383714155842,0.014068160798514882,0.03530403553475527,-0.009131997370689421,-0.09687604042872432,0.060832632176121476,
2459160.5659574587,0.9999182184596579,0.00041533984750935006,-0.07383510240620879,-0.10237988827487923,-0.0929626405735962,0.008798289379062853,-0.03066514032981912,-0.09217608469467478,0.02662620745450358,-0.033801421551800374,0.06725983722297137,0.01345880420985633,0.00495405338824284,-0.07486502127110146,0.09960355447821259,-0.047897174445831435,0.007904940673320357,-0.02755812463626382,-0.10698077217822262,0.03341075122524717,0.04169132890810431,-0.054450372139487446,
2459160.566652201,1.0001320655146753,0.00041535589868865454,0.02952414818683164,-0.10681545114715267,-0.10536705493164789,-0.11183462381387851,-0.04407909800658669,-0.006537568186428296,0.06009418981550807,0.1040590659476703,-0.022142408087696304,-0.09405846203888531,0.007418715639063322,-0.03186755045095145,0.018817458758432506,0.02081574546804851,-0.06758822061589466,-0.1698249800363589,0.033454398052876096,-0.06399992325290375,-0.06450042358008327,0.021887329096589775,
2459160.567346932,1.0002611505834453,0.00041538598131706276,-0.05891428109603423,0.009682401158158317,-0.0551935452232762,-0.08244302769278675,0.11473212966664156,-0.05483520474707222,-0.09981625224548545,0.11013652058431042,-0.02858628607664822,-0.02368655525104752,0.04567716381684447,-0.030293077881673545,0.023922857892370367,0.07886964282921939,-0.04301214766600327,-0.03635341643316246,0.04466396548679725,0.0550787951937524,0.0602555680163448,-0.00043464949046227025,
2459160.568041674,0.9998786131436092,0.0004153039023237612,-0.010017527490034423,0.05018877473166381,0.05144525007721425,0.02081434594999694,-0.0071176989884814855,-0.13353971300268286,-0.006354138268342099,0.11128542097648685,-0.0024992960418336626,-0.09427956470882758,-0.039981510671131294,-0.009951391874788633,-0.059763401101352594,-0.03589933492538977,-0.07614227098513061,0.1108154388881927,0.03876942341117655,0.08956964157573916,0.047471044294214296,-0.025643513035894825,
2459160.5687364163,0.9995496298690733,0.00041525483029790865,0.02410099247841124,0.16049178532838537,-0.02324629178499403,-0.08707438114278074,0.07576784789381537,-0.0816053105984876,0.05277721275257233,-0.0037550923848686632,0.1745991461481685,-0.04722283593192921,0.016686314302788365,-0.07092959032935257,-0.008292539291356739,0.020491656522006997,0.05791760816367653,-0.01964043129706969,-0.020163078323002074,0.18652544581605984,0.03852084089469127,-0.07970427959693852,
2459160.569431159,0.999854269001215,0.00041531635371590687,0.033674180073758615,0.08710583155079413,-0.048937670980341845,-0.12018775981164327,0.07594426476901957,-0.0726855446022008,0.018085522591415125,0.05679791594724249,0.06635491258984862,0.07693643753132333,-0.20831235529213174,0.022325898547553683,-0.0575584729195548,-0.07628318415555221,-0.06645694896741208,-0.18992135972517238,0.15765385131100565,0.13692511593763307,-0.05488137002938913,0.03985909130637849,
2459160.5701259016,0.9995018381810543,0.0004152054764476228,-0.044244030226858626,-0.04427296768535594,-0.11933974027424805,-0.11348806606271253,0.03191863511654251,0.03887293709072479,-0.08821654179996925,0.04111738516409555,0.08157767951621867,-0.09551848970478419,0.0677659907381024,0.0996030433543905,-0.08917227903025154,-0.006717343484245798,0.023529648516586472,-0.013870398445647077,0.014986425035493743,0.19675983736803138,-0.09261201004854248,0.004716622127222379,
2459160.571515375,0.9992808636348115,0.00041522239798625775,-0.08088289798789965,0.06370560547787496,-0.07102166311257956,-0.1746566566231749,0.04859648317500469,0.10427048080385974,-0.11549059669837333,0.01756009182272425,-0.0034448369532914295,0.062417500958363716,0.11018448724513441,-0.09540426120806528,-0.007991604389739539,-0.08012515272945173,-0.004348053742934483,0.04712163529264632,0.005459265347946304,0.08383954646757008,-0.041407102249155274,0.0435789501803161,
2459160.5722101177,0.999900992124112,0.0004153599081278803,0.08304506475915661,-0.058268783014839544,-0.10120345963228024,-0.05004908251810632,-0.04713088617031756,-0.011353531657471034,0.018487711056016144,-0.04019009015736779,0.03791476251942768,0.11368528920911769,0.015882937759539133,-0.060343531515114075,0.08562560837378483,-0.012370617411475764,-0.028888839006335598,0.11955936514937694,0.0020873083243328943,-0.06678780140773827,0.07084076210833624,-0.0967435910141974,
2459160.5729048597,1.0004913800717194,0.0004155185129839755,0.0017844080059425099,0.034678129345268816,0.09127628617085577,-0.15697245707422494,0.0008027031308905678,-0.07572555205935265,0.11642719787739754,-0.1538572175699119,0.133974728584809,0.016344219131444213,-0.027573238957037935,-0.047175574962854704,0.1010246210948504,-0.06486299850024962,-0.018652631611747506,-0.08518928074255863,0.08802316323209222,0.022428444667197907,0.2695238584391389,-0.10950061498719629,
2459160.573599602,1.0000414825561903,0.00041545834561098114,0.05763153206816657,-0.058013893300157174,0.1073535513513395,-0.10269892392669581,-0.023446888163206527,0.10864262995200055,0.06856721079224304,0.025341998446971933,0.030410028081118555,-0.006135289401246492,0.008931928156926673,0.04102103729780477,-0.07162492881583134,0.02703982770715249,0.08893560120981786,-0.0748815103433888,-0.017834423588750356,0.10790688996900227,0.10404032334356775,-0.089411451090081,
2459160.5749890753,0.9995788864261179,0.0004153664668541408,0.02560704990227068,-0.00379092448384671,-0.027906200715945018,-0.007266681846896961,0.0366673839166304,0.151443404359107,0.0013544537400919155,0.0816214535962088,-0.030073016129937624,-0.02855184033514732,-0.11043619813366104,0.007901280479046834,-0.022845855452884825,0.03326505948476625,0.07168301099904462,-0.003703660132611623,-0.03565898302817082,0.013721062852994782,0.02147320954703168,0.10127109784954014,
2459160.5756838177,0.9997217077235389,0.00041543566083175403,-0.0034390986223596072,0.08801966908955457,0.06104619675591729,-0.0006440131465460363,-0.0036131299961410504,0.0433115886168171,0.015099792311726187,0.06204728147468588,0.09461173782014926,0.05511343136045868,0.0036255474713501813,-0.07481305382011205,0.013060980941663107,0.025623403395805894,-0.011237434495506939,-0.03170607482095547,-0.03248881225778934,-0.04231023553943043,0.062384045177130386,0.004546649581524143,
2459160.5763785606,1.000130040261564,0.0004154683380785026,0.11893258324509148,0.0336714303902666,-0.029717348452948263,-0.04951495177058823,-0.013583785243699539,0.08158130261529878,-0.024401183212157607,0.015774601613162027,-0.10215204388066687,0.11348391660538867,0.03598880140258074,-0.030007206197386428,-0.009217873346792993,-0.017093260909760547,0.19394369106421425,0.035857311794939735,-0.09481473992839926,0.019031690093369903,-0.004636241038746053,0.002459482984907748,
2459160.5770733026,1.0000695094191772,0.0004155331058388293,0.08562922963505738,0.01740882995514713,-0.12239786436269368,0.009679947797115441,0.09503936937543651,0.016236605949416654,-0.06707442201739226,0.030123861657169328,0.029864696624489935,0.09531397323163386,-0.0904272819876034,-0.01690502373255597,0.12992146391670525,0.08557712853118671,0.018045638726787636,0.02152725853792286,-0.013830751298511466,-0.05040530528371969,0.03456636314410536,0.03894774545851353,
2459160.577768045,0.9995320103249964,0.00041541131869832774,-0.0368004084613836,0.021889580869523678,0.09398383060684443,-0.06699460068235362,-0.0787472019794719,0.01777207214751027,0.0805664768762732,0.030673639429890487,0.17578076075417268,-0.016447879642188058,-0.08247042900320303,0.004714366824525674,0.06330970902552532,0.00913950161169016,0.10868513921660333,0.045952719280979534,-0.0033228307922419185,-0.07173015911582092,-0.03726968117561074,-0.040636561532710995,
2459160.578462776,0.9995682362211803,0.0004154138270572733,-0.008428893009744289,0.0973712248223096,-0.06763812143761738,-0.0880409990965735,0.036671242386611264,0.03710101397623145,-0.021035235824687127,0.035031799860438355,-0.03094057186018494,-0.07875843531512386,0.08484186178951582,-0.08800229143677869,0.007084622154192133,0.03844090397421012,0.06032439894202355,0.08583816107738347,0.010909372064288344,-0.15179951601804764,-0.001423996494280283,-0.10311546380410958,
2459160.5791575187,0.9998811271648111,0.00041546687701630964,-0.11309131616656018,0.04017874950381846,-0.01760447626879911,0.042676149713909775,0.08319901771957955,-0.06484642331264069,-0.05234810674648356,-0.004335860748781022,0.005606005067349,-0.03185374914631441,-0.06316957065091915,0.026954483094007095,0.07321555671150315,0.07416059515088529,0.056131132588840595,0.024531531606400075,-0.02313686473928236,-0.07634147891617885,0.10639093930882665,-0.016231330228300304,
2459160.579852261,0.9993357902689077,0.0004153562590617312,0.030877993185873233,0.003923390763492042,-0.02400980243623592,-0.02759497299711532,-0.0533261899870137,0.045654815256773985,-0.049279786653938173,-0.059665389384542966,-0.12377718965944233,0.05221111131266112,-0.056806907827186594,0.04405307255710731,-0.06950232323104395,0.046161318421702846,-0.03568853309085871,0.04330488804184265,0.08041570846378723,-0.15916347006261342,-0.019662638327150737,-0.029840047523876617,
2459160.580547003,0.9999686407051669,0.0004154749614257774,0.07526557060018327,0.02503729836842808,-0.16159400131522592,0.03614864855623568,0.09596250138449552,0.009692302718438947,-0.012485927338014749,-0.007468218976316044,-0.03145763475896984,-0.07283916587151715,0.0006197131549916709,0.07321447624307359,-0.04051484739167636,-0.03378250553965801,0.09340608127316527,0.08164440300090726,-0.020974911004966748,-0.0632224931306539,0.17145487625675657,0.06371686794423567,
2459160.581241746,0.9992695531437886,0.00041533603545297474,-0.032353403715162064,-0.0027306102626898318,0.06198988468420799,-0.03680574997108949,-0.035765883345790665,-0.009282587524712333,-0.018070040404071903,-0.01665259251943555,0.003143753966712961,0.01812460223615258,-0.001858857575531856,0.14235424245632938,-0.10340419602892517,0.025825800091966108,0.032522481377172376,0.10559252873092956,0.07921189852469403,0.011020860852678714,0.05566288631232779,0.0029147409520946348,
2459160.5819364884,1.0001270432240377,0.00041551028860522854,-0.03683077689151332,0.02121011033450507,-0.029527298641340034,0.058736128064222175,-0.03422123294804176,-0.009964394343960951,-0.007625739862228858,-0.01258184580564995,-0.14050629536781875,0.13953932373801545,0.04706411602992702,0.1293156377093942,-0.06954560571458183,0.055605390951549025,0.042174557741097254,0.0022455874156354326,-0.007687405389647141,-0.05938741753982245,0.04735832100867628,-0.09285126515770226,
2459160.582631219,1.0002447438083226,0.00041551895716299066,0.15319410133446376,0.12431422940488096,0.01499629263629461,0.07914943456255001,-0.020778106026782688,0.06879861963812084,-0.01096060642708261,-0.01927265762473104,-0.03826778208178538,-0.016167692091275502,0.002901594962501612,0.12011161105918731,-0.09806533084850902,-0.05294497041614842,-0.010749448040484189,-0.012946683134969366,-0.03437396663579613,0.060500146548077276,-0.027239699540437052,-0.006953531961601171,
2459160.5833259616,0.9996099179234295,0.00041535686838092985,-0.061859098359819085,0.03110727070652147,-0.12405632937827887,0.07322210976466793,0.04405004136837246,0.14928533678686207,0.06661505193188427,-0.004675551623273688,0.012865408951883789,-0.0825343627748245,0.056033822013947514,0.0917448055681697,0.02149875877793992,-0.12177947501213716,-0.015961709774724282,0.09376809899543266,-0.029332250060354583,-0.023831165188444296,0.05678059596942926,-0.05154497169724431,
2459160.584020704,0.9996434237571982,0.0004153952555345664,0.066130577447383,0.12095848057257845,-0.07780001185012286,0.06455082354654686,0.06533553871537903,-0.011146092134777448,-0.0785383032523314,0.009840551614227313,0.005249387477255985,-0.02767502489983757,0.05299600168508815,0.034547015442464225,0.0038890718338491946,0.08034307821718668,0.0021884000218693185,-0.043948006877833984,-0.02616872606676925,-0.03538719916856798,-0.03485387106525667,0.08608395492236268,
2459160.584715446,1.0005818658026315,0.0004155358297580741,-0.013302071951906668,0.06739997203674264,-0.06719743017455505,0.06303199752889295,0.08259852268708208,-0.09697964644374349,0.07480429605110281,0.02306546395048763,0.006172042153163797,0.007456149872068586,0.07315426669504609,0.03677960272257314,-0.010275910413390774,0.02636652089885987,0.0587818866337551,0.04601860407331953,-0.06688872605710562,-0.021879371426526,0.1279530970571812,0.08883950465491636,
2459160.5854101884,1.0000902529943563,0.00041548573222453003,-0.06279732790314188,-0.030223582025876918,-0.07126888143651282,-0.0355602461407618,-0.041085690152503934,0.02647814795279575,-0.01699883452993017,0.06893351812779454,-0.0428970705897558,-0.07686392576099282,0.21056827131831812,0.04049882483010252,0.037620062863424335,-0.13661364166840098,0.016056694625629243,-0.017523881703207934,-0.07125697851822498,-0.1379470599473245,0.03627496349899044,-0.02270934968576066,
2459160.58610492,0.999913996148786,0.00041559901314900294,-0.0887751843981214,0.06422983834216103,-0.0022159369237804843,-0.06745377897756481,0.10212414133307549,-0.05050429610704353,0.07059610695869081,-0.03724412911713909,-0.03279948717000834,-0.08860562050087907,0.10486447042851574,-0.11700235665160623,-0.1278854343719529,-0.03968288544302164,0.11340793872079252,-0.11455249243854333,-0.1542788159251449,0.03584534321340398,0.05015375745291733,-0.06477259304612093,
2459160.586799662,1.000166351835603,0.000415933241296333,0.060147227040690254,0.15103649150826787,0.0690136218105635,-0.035001868022530996,-0.10953241753558812,-0.15141358434480223,-0.08502621101808054,-0.07320185493595223,0.02808582278725164,0.0870220543875771,0.001718474253804837,-0.030621900037767966,-0.03651844938554431,-0.10090956221942281,0.0724386900920803,0.029808287705251516,-0.04958252784419587,-0.06422523382245168,-0.103610171472276,0.05558586357266024,
2459160.5874944045,0.9999441319249344,0.00041634203178069124,-0.0359572774545514,-0.02898200913002764,0.013163797265018484,0.017854910183129253,0.16565821094760255,0.012075672954087301,0.04914742591538272,-0.1360955589287402,-0.09795952074439727,0.006227563381142904,0.05194711795340155,-0.022651720648719443,-0.15951772200378936,-0.016176442580080518,-0.001554898314512482,-0.05151557284476482,-0.0978278666493905,-0.1010970937325395,0.10348940665225184,0.19524004244809418,
2459160.588189147,0.9996425641073993,0.0004172317201319868,0.08057251149933092,-0.0032159926546353867,0.04150053737052962,0.08188629901183313,0.1314015096382585,-0.017422123034555315,-0.010323210354921513,-0.013237447460252811,0.1178379182843135,0.060623316432128066,0.010218158574335334,0.04901585264613819,-0.12767511726873415,0.021814246294026042,-0.0307534692870579,0.00846878452277922,-0.07772420674758568,-0.04997508849225069,-0.01946621546363117,-0.06587176494118832,
2459160.5888838894,1.0008456673084731,0.00041954599572988267,-0.0386908554331535,-0.006008030869895701,0.11369574855410011,0.06217613282086792,0.15722290281783985,-0.029297826199429625,-0.07603814380489507,-0.01340712514545184,0.0778101009507855,0.0018082188418209694,0.03926272627355682,0.04146802622542154,-0.030225516580193706,-0.04168783210735477,-0.023144303837849826,-0.0007245368831571264,-0.048689546271214,-0.10384317644977664,0.03853346533740696,-0.10690257068811718,
2459160.58957862,1.0006583304074788,0.00043364452982162116,0.07608451800977284,0.01004041628660678,0.026931286691009068,0.04650067760579631,0.09787824896307747,0.07203634297924895,-0.056727793738793775,-0.13796839201859434,0.1430216580561068,0.04506395372824218,-0.006656398913036457,0.0938515324268115,-0.07204219838346995,-0.01933794259756187,0.04548350681754059,-0.10589028927911671,-0.0675601028605028,-0.03806147392599734,-0.08916001045656015,-0.046666729676570574,
2459160.6194524514,1.0011387659160613,0.0004246741935197891,-0.02601252833637665,-0.028831556402353607,-0.03353113378014219,0.08562194036292245,0.07061619491427908,-0.021881284175533314,-0.023018960862165774,-0.11932572479329369,-0.04010840046545406,-0.11216547369714554,-0.023911333262518167,0.04067336950780682,0.08148149183985408,0.00042960333967067876,0.023647588197239666,0.05397157039255213,0.02984677148629832,0.033462464916738474,0.06221741094634438,0.06503229881338861,
2459160.620147194,1.00034187959148,0.00041605354201809035,0.013709546831625959,-0.037053514049214184,0.03462289855604526,0.06630305027407624,-0.05021058560843527,-0.030035985668905123,-0.09468531597163969,-0.03734714105352001,-0.15258167768955813,0.051101247017434744,0.11716206249192161,0.06364746865734103,0.05205509868319355,0.04781184503368655,0.09401223065044159,0.034735754045053475,-0.018987863273575482,0.08122658527105933,0.06654651827250209,0.035868299099154365,
2459160.620841936,1.000262086768721,0.0004157643186586312,0.042867002186103786,-0.0495092501805264,-0.008816945655698861,0.10778486765788203,0.08342656766600347,-0.07150927628124941,0.03751141660312694,0.13381344915652435,-0.10345491518095816,0.041138441697361035,0.04382955089551337,0.0545719389407995,0.16092063869304213,0.03203314374058032,-0.04411371213359506,-0.012245880613108304,0.06230654105273599,0.01806788580725858,0.08162118300462616,0.012667889939506734,
2459160.622231421,0.9999441513175981,0.0004155763353099227,-0.003462835555695342,0.009144784377883101,0.01593883919603008,-0.015911665379910723,-0.004682266122732062,0.0025837980927026155,0.0012862089378772616,0.0015109359352793723,-0.08383950683413358,0.04583385571085457,-0.06988732258973919,-0.04395729342472857,-0.0068557241802447814,0.04634242503857284,-0.10577543523472024,0.07143960046996324,0.15589624930429663,-0.012114480762707153,0.01194052137886406,0.09321983918033636,
2459160.622926152,0.9994555243076005,0.00041540358739382456,-0.14235217749368395,-0.049364282517835374,-0.0038377839338423862,0.0896239170549314,0.006199402676739495,0.016239752332555535,-0.05000949487006227,-0.1668693526273827,-0.07259625455833103,0.01234846752472996,0.0316997059885401,-0.049876375794237045,0.05593391487507069,-0.03652393543306329,-0.03829858337940809,-0.04287648269102871,0.014878905525433738,0.0035370233687067702,0.0080321461095948,-0.08016117255859473,
2459160.623620894,0.9993953769572907,0.0004153405979999562,-0.16594139569384903,-0.027019019707345292,0.07587061837060576,0.08120105232793876,0.0029617201255684356,0.054791045856082764,0.1199977580036134,0.03920857344283647,-0.024323237284466587,-0.026490499404536166,0.07222630500000557,0.061558586685775345,-0.04856143442467342,-0.10401290189460775,0.0035847147366642683,0.02687443293458747,0.05035694934546492,0.046136392668521896,-0.06348518986553622,-0.007573526820075893,
2459160.624315636,0.9999877056055406,0.0004154301024752592,0.08187782770143322,-0.1138380507864472,0.07810281021328037,-0.012789302790276404,-0.010082543842315507,-0.020941969756934797,0.04972621275454594,-0.010970403875881376,-0.03295079333143537,0.0075617209811436195,-0.05110464141321589,-0.032548904912598826,-0.010294342280168655,-0.11187059224628733,0.07244770491876458,0.012741670578991225,-0.0032978946705937043,0.017035731966873927,0.019886598207295852,-0.06215871341510403,
2459160.6250103787,0.9999051944323295,0.000415411467628955,0.11605830913770153,-0.07032375264193295,0.026695276830005978,0.047990170395716174,-0.02016266413543226,-0.10142704783656534,-0.01987634755545173,-0.07033942264460506,-0.06893891340014426,-0.047042899426702076,-0.1467226631090943,-0.05746672932045076,0.0219730763842788,0.024874718377791333,0.03673240493693433,-0.024255701065614862,0.05918059558885401,-0.016233783925296806,-0.004302300518303259,-0.01409243585791399,
2459160.625705121,0.9990060760426269,0.00041520027059082574,-0.03508645555388384,0.004730979020230978,0.024358047294798856,0.10133088448051276,0.05832402123435438,-0.020177246641503454,-0.009007301446909415,0.0721124370665641,0.07646127980538385,0.05973643826322922,-0.043808219349926174,-0.035729036842968145,-0.0010565354385774633,-0.1290596877692435,-0.04327946776333332,0.00747218110017504,0.03014857149382169,0.01212612165804432,-0.14638318765002417,-0.03661169190920733,
2459160.626399864,1.0005700030089264,0.0004154941106596118,0.04329394646741937,-0.056223554679431686,0.0723173995326497,0.06261786477930999,0.06550595395566952,0.06217384968890957,-0.1033556581397203,0.03478451939811011,-0.03364874762192852,0.005633161930537555,0.06956141123734189,0.040360256627811966,0.08911593544781557,-0.11971445632924982,-0.006781793145350424,0.01896623707251396,0.07110747219282759,-0.010761585878167534,-0.07127086386964784,0.01837224626519755,
2459160.6270945948,1.000359739280321,0.0004154373893625928,-0.013845222151314314,-0.08701421739151458,-0.06262685398873562,0.06897660232376653,-0.07497842245622549,-0.1773430495661162,-0.058450042319574354,-0.06899620193560323,0.10502188477822802,0.14470062308763637,0.11402401082056081,-0.06076968405415918,-0.014973994374588774,0.05892377202565613,0.0038971662686984347,-0.009806841955435776,-0.028592072188615758,-0.04064495282815686,-0.11183216571065879,-0.06060536883494959,
2459160.6277893367,1.0008016929693557,0.00041551281836174354,-0.08389693349727795,-0.12450327187100554,0.09581980268586547,0.03680310972834914,-0.015471400862257668,-0.10201560576675743,-0.11559339387544208,0.0066671353860681725,-0.04319664563036071,-0.05992212222942478,-0.039436430051870426,-0.026057828225338035,0.05718318499003578,-0.01172942088013187,0.039557272574424165,0.04268812032695406,0.009841357151000645,0.017105837371238997,-0.06082626645374418,-0.04914709668983795,
2459160.628484079,1.0006323963481243,0.0004154877887394992,0.08387141515270814,-0.10765531004440171,0.02212764514188799,0.012067089483419715,-0.09530741757386588,-0.07178780525137204,-0.03947764353018535,-0.04250602754498096,0.0001261791323310617,0.0333705771235397,0.0015406712306527445,0.036483916834468166,0.0799871751117499,-0.02601757150219001,0.11826963331091488,0.024593859082717842,-0.025589074602721286,0.07385228551589605,-0.018409418081525186,-0.045890540824601256,
2459160.6291788216,1.0007931706966406,0.00041550262052525384,0.00509429189351121,-0.11181673776772667,0.048036303024293674,0.0900017452199487,0.04358455067745971,0.033811529486931675,0.08382914067102816,0.04841426916453055,-0.011765513727772006,-0.010546636715159164,-0.04676398775988862,-0.02008143712158472,-0.0823618104497906,0.04987339263315228,-0.0807361941939697,0.09856667364765422,-0.024247890651677578,0.04420386952010517,-0.1414179635953666,0.00999767935208586,
2459160.629873564,1.0000543154086385,0.0004153535943142817,-0.051141491957879474,-0.021849632825999526,0.018498145779415123,0.03445199780724938,-0.017705481385320326,0.053754249203560436,-0.06911125667930777,0.08359643257625742,-0.03161634088243637,-0.012901549270895702,-0.03610016062424986,-0.03395198351969286,-0.06291835960563984,0.01722999446926766,-0.11569595870286153,-0.03498083309306635,0.06127273053018463,0.03413870499835999,0.0798532533663754,0.01297131180965222,
2459160.630568295,1.0001797678315008,0.00041537827632217407,0.09601761083024679,0.033402456965525185,0.035895823511769044,0.08636690215440049,-0.17028789117449625,0.004887534220561501,-0.06918590275653799,0.14064169519768843,0.1200580061634746,-0.06559315543008644,-0.053423792252360595,-0.004742644254503384,0.019351644312174666,0.049817316550052115,-0.030817419100063123,-0.00954972551057074,-5.8293876302116e-05,0.06457152635622612,-0.07738838614926255,-0.07304513585991068,
2459160.631263037,1.0000834093975124,0.00041537429754560343,-0.006857479631371196,0.010717368005398511,-0.07058071463139987,0.059574070793676735,-0.17983453636760455,0.021105346262332944,-0.10616064968283505,0.021864385881378103,0.12959397736775005,-0.12156449713736299,0.03453487847436678,-0.09155922176969963,0.0002895016899765098,-0.003368746167626359,0.008404318096061786,-0.015542090661818478,-0.07088988931017536,0.062186350558406704,0.026668905991912028,-0.07581651496151598,
2459160.6319577796,0.9999732780677186,0.00041532050210703607,0.1097363133046584,-0.01727144574929153,0.05216204293170713,0.060486936125287875,-0.09266456944062906,0.09434583553222459,-0.04968692441195514,-0.010989156402067981,0.07144395963561984,-0.009234336022409554,0.10703429983526842,-0.07574763558820302,0.07182899470528527,-0.07917784717479379,-0.06539871592399428,-0.11062856425543867,0.01554236390883366,-0.03366808756918015,-0.03217910671043655,0.05337171520812109,
2459160.632652522,0.9997861171792836,0.0004152754213311204,-0.0035036463824070405,0.05143968949900789,0.0686971867678111,0.05906743316519979,-0.14161447148495904,-0.03149788440858431,0.0015538841366850508,-0.041778177463395315,0.05469511794592913,-0.007004337441468604,0.016351851670130268,-0.08518608826128922,-0.03530353584294136,-0.08861768262777593,-0.04358559831527045,-0.07200282920204171,0.013407634802407161,0.011712499391349818,0.11083945212728145,0.1689269516838695,
2459160.6333472645,0.9999040245951436,0.0004153000001084017,-0.040286047407320724,-0.040609005686674284,-0.04386364451637541,-0.045825896542472905,0.012583775383436606,0.018505012036711767,-0.00815388979696988,-0.13334758034262215,0.12216842465788981,0.05910081005305276,0.13372778264280216,0.010710383431121373,0.05891705569224098,-0.09038483438090307,-0.04979893938798149,0.07339679824512907,0.1081690808826473,-0.0035388655032764366,0.06728916793732329,0.15931392878526984,
2459160.634042007,1.000079787765378,0.0004153401346775423,0.05067786061422488,-0.07080517425429605,0.09340300189847003,-0.06322421335991156,0.015288439983583719,0.02203792750372448,0.10959667302723522,-0.05013414079686101,0.15781824405249004,-0.06125333661017299,0.015674475919898977,-0.03310607064703224,-0.036616500106284,0.10550630082564684,-0.030581128698595857,0.05053107556163487,0.051710314819275294,-0.021349589667937107,0.011676555174795912,0.09931330108237377,
2459160.6347367377,0.9988979031107182,0.0004151263477504554,-0.028147653107013285,-0.1117795920857436,-0.10418071262369502,-0.013291284329928495,-0.18332966459843061,-0.039853325551847174,0.15522191301379623,0.03996169156241889,0.16864315205433147,-0.11590526018778294,0.10705229738758155,-0.004847386051605581,0.02234829489166005,0.07591189956547541,-0.014998787705461624,-0.0460918033504071,0.008684990699346867,0.0007008134035162746,-0.08423018498921774,-0.04513199598810672,
2459160.6354314797,1.0003656504512253,0.0004153818322619781,-0.07346433862722065,-0.1511613531955067,-0.07893092739070375,-0.043592150792945226,0.03892430101201761,-0.033889624856850396,-0.010143913917407182,-0.035865012065548076,0.08187327542243185,-0.09518011019126323,0.006120984781079815,-0.07742990601137371,0.05177074318199846,-0.011712881273112487,-0.009778427325644656,0.01427555221967374,-0.019842836380060836,-0.00626690642072692,0.025232804897874148,-0.002875604992161917,
2459160.636126222,0.9995486826166652,0.0004152674413214869,0.0766982249599085,-0.05153578702267872,-0.1333194895398005,-0.029902515149554033,0.06791020866648091,-0.05822745475288324,-0.019155806208258748,-0.023436661290599375,-0.060057764092046474,0.05736268043898916,0.1005383655984707,-0.022540670383506576,-0.08528236652544317,0.11649618833233595,-0.019279806522025985,-0.13637108214648222,0.03232022168006013,0.08672388967058911,0.035991045897937904,0.1201171969891291,
2459160.6368209645,0.99947008532136,0.00041523235067304016,-0.007852802996212098,0.00957271945787074,0.025049456224332575,0.0076869290026473445,-0.1030684323165187,-0.02936826014190179,0.05280469853061815,0.05315304933924935,-0.1008378632365854,-0.029006158728058975,0.009837627426889286,0.03288680384956692,-0.08447020988251829,-0.05332505503518782,0.0882703990636864,-0.18719701860492854,0.03268316411191444,0.1437245755978976,-0.08866423757551581,-0.010849693658260945,
2459160.6382104377,1.000302173108445,0.00041536975586717805,-0.023605590394149643,0.06267127172965366,-0.025980991609468707,-0.07796532743434087,0.006313256125800928,-0.006797364621093164,-0.017403069148255186,-0.12162325001204818,-0.05625512985806784,-0.0038367796474274934,-0.04196123320015462,0.03198627081243115,-0.0878586640979725,-0.20508700298481078,-0.027607317715030544,-0.1284196489171419,0.15191827750696346,0.1414918781087568,0.024743919395499154,0.016705289799627557,
2459160.63890518,0.999976806661159,0.00041532026724444055,-0.04785301218117962,-0.033330518467516244,-0.12490810409916395,-0.0017507665253809444,0.042193253418780365,0.03560120136889035,0.04378871660212646,0.10066021883502324,0.024882713205769173,0.032946792711244614,0.03278512426929271,0.07570157140321945,-0.06359095667690551,0.030481211931610092,0.010489723546119958,0.04773867117076674,0.022516643435995236,0.1527771958715482,-0.10690766771149594,-0.01834821080609099,
2459160.639599923,0.9993139801557915,0.0004152536837930887,-0.11900619913700725,-0.039272420963262084,0.032187589221866784,-0.003985485266857167,0.04039148303351966,-0.007154540514337917,-0.06392905512672152,0.09372945794988118,-0.003639368073264653,0.08285989316144568,-0.050002758235054005,-0.04103617284556826,0.029456789921395495,-0.05638885235374611,-0.0032191448264593608,0.07016675283999288,0.05665911313132475,0.03258087693077435,0.0014800586804574033,-0.1074643828138881,
2459160.640294665,1.000020271946557,0.00041537963114942125,-0.010914570292949864,0.03289688031993879,0.003924175988926673,-0.07181431227869355,-0.018495924138302425,0.11565057936651872,0.029344749105085607,-0.04709502352139847,-0.07659257569049839,0.016106042716971615,0.04594804517301307,-0.1167319170941408,0.04507779677948189,0.0595295747864176,-0.015941589288187518,0.09641312633536814,0.027452448152001544,0.03575339077199185,-0.06734318428627087,-0.20048412617590627,
2459160.6409894074,1.0000821580894603,0.00041541111010756583,-0.12687811831174206,-0.09696395791249367,0.027837567785812603,-0.08752960304065738,0.10012111977666842,0.10464581024579954,0.04847083638927373,0.046909763504176444,0.004264058621443723,0.07401051313272729,0.035389815400096065,-0.005451322139533975,0.08306023628372627,-0.11531395138178133,0.004208997461307926,-0.006777695730532807,0.020846859595913578,0.01488759687471295,-0.056068885892024696,0.024218845101361217,
2459160.64168415,0.9995029394765274,0.00041532977634926323,-0.03817662370451321,-0.06471168041488218,-0.00425976284512694,-0.06412053059054272,0.07326695897639583,0.0547772647743656,-0.0419560505238891,0.03258906675977222,0.10412710776066668,-0.1523968250568571,0.0058732641237392,0.010007501896620015,0.07144099950940429,-0.07695605779543435,0.013520123251246428,-0.034191383360952295,0.07829307479288122,0.058974376258997235,0.10510120433257376,0.03419849606031833,
2459160.6423788806,0.9998544006102827,0.0004154200958241788,0.019776757379470565,-0.060976774956657195,-0.01570342733756421,-0.07450946884857705,-0.018103341739204266,0.0989918525316202,-0.06803366732863952,0.004879597828080678,0.08763177983968724,-0.12049018742635573,-0.013069332211804565,0.07346069232888464,-0.05965125527064832,-0.04697023287411716,0.06872182524046438,0.00215684182393326,0.04964562760682034,0.052189599576122056,0.05877967212080689,0.016596084140748563,
2459160.6430736226,0.9997265682839392,0.0004153812358165402,0.03323361377006356,-0.034800650738694816,0.028640114579441496,0.021694683368356147,-0.15167544712417452,0.0641766831831341,-0.10889947336279934,0.011095463691082625,0.017907197922832626,0.05737703847540629,-0.04174591701634039,-0.011859732823781896,0.044344490575825,-0.10334842314823321,0.09232220551839711,0.10318631337324155,-0.003857466536268908,-0.030619589785939892,0.11685059499105294,0.08973854623729118,
2459160.6437683655,1.0002688953567969,0.00041548887068039404,0.0503317842475493,-0.05269574503683835,0.08531265270447293,0.04318916940133135,0.015306456629795304,0.11445941093133884,0.054306480669326404,0.0757014382282893,0.0126516740409498,-0.06788712144764304,-0.12085059615621353,-0.018602327682608468,-0.02209613823600086,-0.05640575909195763,0.07789331248623407,-0.0746515756731703,-0.0044247139650639205,-0.018455580619351927,0.09811246601939144,0.012797710691166739,
2459160.6444631075,0.9988824658860691,0.0004152643952866161,-0.07199999397259903,0.057831732622301166,-0.046632320115406835,0.01736837929361316,-0.08591650420918277,0.1572221997078798,0.04743748251033386,0.06109954999309455,0.009570208232341889,0.09487423550488433,0.005841974116116264,-0.09391849638827089,0.024750316173492645,-0.031353392904056296,0.01679484142976769,-0.07050498227850184,0.00847693862251794,-0.04038787196419604,0.027253126935558303,0.032635297569994656,
2459160.64515785,0.9993785278191317,0.0004153748539362067,-0.0662787034703747,-0.037716766288542404,-0.019797030680707633,0.04607494761994439,0.008626260145459239,0.12843789907752437,0.020364571629699915,-0.030862979552582576,-0.12605132498840985,0.04894394410368003,-0.16077704078984525,-0.012808770919980006,-0.07100194898844159,0.0020859034479173053,0.14255314262195123,-0.0029902164824854196,-0.015038674971461647,-0.03715268586206256,0.030167821994805152,0.021370334179467654,
2459160.6458525807,0.999449158610419,0.00041541025345864286,0.020772187333170267,0.021453770593315054,-0.09024007000221998,0.016933310194578548,0.030787574141977823,0.04882562399816225,-0.012337956541480967,-0.012923118735941288,0.029014746050701944,0.07614720594184718,-0.005257170298763097,-0.02679553253828925,-0.015059409917121862,0.02369059595249408,0.13630404419115125,-0.07392768916387323,-0.008637417353007734,-0.045540108589478503,0.01873239579986805,-0.05249457677684467,
2459160.646547323,0.9997515063849681,0.00041543003107278594,-0.09409174075639817,0.014919064491863905,0.06144466801591651,-0.07442660748504938,0.027746020076896312,0.03869378075576634,0.0684880825771282,0.009877681914357951,-0.002118906475506795,0.0787759222723255,0.013445416320503795,-0.024388065513176096,0.09576957219870308,0.050150594432684714,0.10579064959629864,-0.008742444797803228,0.055275682561419015,-0.07662085751541435,0.07584517855545574,-0.06562514002427727,
2459160.6472420655,1.0002411599798378,0.00041557183145648656,-0.10379848464243745,-0.015091312634922395,0.0934993260511395,-0.05959635644288951,-0.03898425567357293,0.04890595473428774,-0.028006394040644766,-0.1436655354263105,-0.07475520710220669,-0.023488846234906886,-0.024923914224773865,0.030858544998947197,0.12676509347919937,0.09629458683586507,0.05963935869031563,-0.008680645432588813,0.09370237715997773,-0.06653283099552064,0.020874898171877664,0.08318958926554867,
2459160.647936808,0.999862340277639,0.0004154547577048497,0.03698572620643009,0.060418858439693045,0.05110394387989606,0.028243036179169553,0.0017851954028924662,-0.023641263435149464,0.0118309493440572,0.030625431800014667,-0.012983735045984284,-0.09027974252569938,-0.09951203125671564,-0.050867490958934405,-0.036094785163329174,0.14027575914873958,0.042572014186856834,0.05149653023995818,0.03956840466156694,-0.04806105537498063,-0.034656996506464276,-0.08824497929264996,
2459160.648631551,1.0002569067536544,0.00041552836531171997,-0.08207764811347726,0.01585934904447566,-0.07071239734723722,-0.034719670232140745,0.007450634094761464,-0.0024157909011160716,-0.07897220944414932,0.1401020785613081,-0.03089189814120585,-0.052025491357115594,-0.04664556727545158,0.055428842505596994,-0.0725752885060009,-0.019041042491047752,0.016507555398430695,0.12142761652710368,0.1166864614135385,-0.11698939168361215,-0.021955972786273856,-0.011726570987288104,
2459160.649326293,0.9999748910636086,0.00041547997514094885,0.14048633265503221,0.03528489507404395,-0.12229237738015412,0.07817030681186578,-0.04943541320453461,-0.018520974379862557,0.03302857051501061,-0.020162172304818142,-0.004105612434256043,-0.10633524717800034,-0.04121391734068191,0.08264476009563594,-0.05512191919044015,-0.018479650661268696,0.049272091002998966,-0.06314970689002279,0.05621187849135729,-0.03958044486732934,0.04385262680374777,-0.03803647418821038,
2459160.6500210236,0.9996712499111419,0.0004154072914115431,0.05141845137591527,0.0232956545383641,0.0028551215912095427,-0.05982466792523869,-0.10776853373461791,-0.12345617539591802,0.06256986022386068,0.09310244656529286,0.044118091095752085,0.0223245382772388,-0.08284747921300568,0.14530750655955782,-0.06683543664495697,-0.05419169169606122,0.034341133190296955,0.08878182292288773,0.14269475039919016,-0.047958794545247596,0.12053356018705329,-0.011725200813613657,
2459160.650715766,0.9994513930684379,0.00041535284618813656,-0.0998369974015215,0.09631557801832989,-0.015809296386639776,0.04581886291122013,-0.061556434511594496,-0.019473993313133448,0.029264639317994258,-0.0009736236316088807,0.011600631808073298,0.0997685876837335,-0.08183972918213502,0.04516392337070708,-0.08172499604873942,0.002990464719481601,-0.020897023640162802,-0.0924371435302606,0.06946492631765096,-0.07063529062480728,0.03427840290844978,0.013191558004941175,
2459160.6514105084,0.9989691282657319,0.00041526606438129464,-0.20559994952479815,0.14339244222072117,-0.0667578371581873,0.12256204496069546,-0.16347472952859826,-0.06518279813671586,0.08004931611847269,-0.01583320524614258,0.08870365497454787,-0.03078326205357948,-0.11054888014883621,0.09448446850151919,0.07586935564220791,-0.008847694284071075,0.03997095053407847,-0.023242209051591304,-0.010828501013900555,0.046191588633486595,-0.03416129933749243,0.1264094400831548,
2459160.6521052504,0.9993244090904122,0.0004153161509812811,0.037296252109691744,0.04955000563511169,0.05777592536193456,0.042340957580004876,-0.020137838425908085,0.01930379340719773,0.0893143117639122,0.08424077530949729,0.005344303726379827,0.04296353553995141,0.07575406825594946,0.1172223181190337,0.15722936790802958,0.08413891999832862,0.07390393516375603,-0.1245217582308839,-0.028413151646158916,0.012760167056910778,-0.05633285836670074,0.0627859086490544,
2459160.652799993,0.9994469131986805,0.00041531032165332757,-0.017082092547534053,0.1225336797211535,-0.08254888746051059,0.08979410958217372,-0.03962899960398929,-0.031380200229740356,0.009641325856678483,0.03928373349787936,-0.030480427523477134,-0.03716813646262368,0.04490798351358946,0.041120127429436125,-0.04354960361193787,0.24493906291615383,-0.0006054824798114446,-0.04279945696952329,0.022289652518612126,-0.06451094536214762,-0.045451072138132084,-0.007216904859565859,
2459160.653494724,0.9996383095283974,0.00041538273294536716,-0.07261031175516891,0.050433528579630196,-0.02878562378318799,0.05870925049929405,-0.014431638368204706,0.0223786236615511,0.047978687354403096,0.20361094129661914,-0.052869216481470055,-0.009149210671996111,0.09493298604805576,0.054898309876499976,-0.06671643548881204,0.021295263627325523,0.08046868591655265,-0.002001607915003634,-0.060441439837758335,-0.0510865762234575,-0.03249158727430425,0.016014333588212415,
2459160.654189466,0.9999518062016373,0.00041545453489791806,0.14719747312979492,0.008450645533263836,-0.08983017055542683,-0.035381452676974484,-0.0014656599464437413,0.059026581764300735,0.07333344702053443,-0.013082901447019787,0.025294342859477965,-0.17959096096783334,0.11432165718690378,-0.02121462315555931,-0.08512884691419541,-0.020483306253517596,0.005521525424614123,-0.12151265276485464,-0.03209975244651877,-0.1815860710705484,-0.07518436731847296,0.057000528061177,
2459160.6548842085,0.9999330377951309,0.00041561630334097744,-0.018517102450191354,-0.011660531373117329,-0.054677201121759514,-0.022900318040032556,0.002892743144051788,-0.001710525314327989,0.005747193838326028,-0.0845769672617106,-0.05562540327751919,0.0024274513909469738,0.07830704950736464,-0.026276880517685258,-0.02043394127627891,-0.03371853204477467,0.20585525244992664,0.021435802342983357,-0.10446354770985487,0.019897902526809,-0.03684982454633608,0.03387724870464012,
2459160.655578951,0.999776727186156,0.0004159196083456031,0.010679156619210477,0.0747086078917545,0.03188355053271984,-0.020477950932670276,0.0722625529039699,-0.10487879944176083,-0.12393466369893137,-0.008850801210756461,-0.00393061110501691,-0.08890226605926296,0.0019455276787134635,-0.08332367888127,-0.019376612210807942,0.010764794244307256,0.09536299662645965,-0.05215178867319841,0.010872947504750924,-0.04056581682254982,0.038470901173424346,0.002142115998480472,
2459160.6562736933,1.0001795771632052,0.00041659657663270473,-0.06544169157561934,0.006462035095951348,0.05432903770705719,0.07484072561163232,0.06444651878690784,0.018828891666454947,-0.0742919582510929,-0.07971889046545974,0.1335430302179769,-0.029999850957086103,0.032363092648051504,-0.00870485632711842,-0.09937632256758708,0.16291605921582247,-0.03803281958657628,0.034288312318087134,-0.04024514822602632,-0.1094490327134777,-0.041281867041824634,-0.052134019535716454,
2459160.6569684353,1.0000030009611947,0.00041770457985878937,0.02173620493915498,0.003659802206961875,-0.08027316969694076,0.07890264289622154,0.05693713690122296,-0.08880640429583647,-0.10657484432568724,-0.02634565632980208,0.1494145103593789,-0.03958360526359848,-0.012638557236994913,0.054427696686823616,0.12268339754735327,-0.060861859927047054,0.013605826123560922,-0.06150381784195606,-0.010176136870021946,-0.04174355286302136,-0.13053049144801088,0.05337110115040704,
2459160.657663166,1.0001511672810623,0.00042024847768851875,0.050475873449079944,0.06056624017372604,0.024601630707333247,0.029374595186311667,-0.07540663091939133,-0.02610278111362904,0.09143114336171711,-0.0054789980366370785,0.03822141064348546,0.0182744613171402,0.09117084783535934,0.0281024043817618,0.009783358733486305,-0.15731766767563068,-0.034541640702124225,0.03554290933757389,0.023782115301051773,-0.10366754442259489,0.05074702324003458,0.07928067332499944,
2459160.689621222,1.0002201324703097,0.00041576590897459645,0.019406888870357113,-0.09112344481908606,0.02353086224560555,0.08693941662619338,0.05720303114760582,0.07792100398806202,0.11637658305991315,-0.032181468466236124,0.02675422034726827,-0.04895964126978256,-0.09917510852657631,-0.004598253335601768,0.08450260490128307,0.04338122477838782,0.017581368692413335,-0.037318734307598175,0.0787583239946233,0.03479206045986629,0.0010522445353474293,0.017822116671574132,
2459160.6910107066,1.0003440648487534,0.00041561763563036216,-0.012216993116904926,0.060146693568497396,0.034622539152155664,0.034525983861589074,0.003733462284425995,-0.02001989908987008,-0.014902996377717411,-0.015757514478502967,0.01233510682364539,0.011568143589894126,0.020756764554652703,-0.1012610918768509,-0.07027968865122106,-0.10848241532907718,-0.05289191960569745,-0.0024153545804956223,0.1273218290325248,-0.011408160279394597,0.022180587972943814,-0.10466582059718844,
2459160.691705438,1.00041594920547,0.0004155849269162137,-0.01925173789610541,-0.053527892412575724,-0.09957461138899197,0.17837968886418146,0.03919610601869958,-0.021231670761196975,0.10235741792094812,-0.015185433838949127,-0.01522005463153495,0.04546260101346958,-0.0314276037741244,-0.019337118853891198,0.018699857783882542,-0.02808801150075522,0.023881593824885482,-0.09068273928642669,0.0365622358885411,0.025226260989496423,0.01709570209751158,-0.13164237969705395,
2459160.69240018,1.000662816541481,0.000415569222997402,0.04493497663751748,0.036090882944886556,0.09847607547960245,9.097957244719368e-06,-0.03335274719514818,-0.007206123239556076,0.0595686396715061,-0.03834623177370753,0.06158335746473337,0.040581775875487794,0.0869378692420143,0.02687212045146336,-0.0752861597222448,0.005539430910630856,-0.0017888838162004536,0.00728465622448304,0.14104100370192113,0.06186904350865784,0.016163994445459098,-0.020334763456909724,
2459160.693094922,1.0002260714151971,0.00041547538485828955,0.0495461471642535,-0.06610403839956053,-0.05799717204748796,0.09797828019226816,-0.008384264548601306,-0.04503393873733037,0.0886757217723406,-0.10903499944001263,-0.16285602232874039,0.08324256420253988,0.11808065935691164,-0.03728407931935275,-0.057121868678851453,-0.022194533266205643,0.07417281205897641,-0.012177527401978765,-0.016686564450355473,-0.008409732965791616,0.036890911317562135,-0.08702634754054676,
2459160.6937896647,1.0005365391031003,0.0004155197994109831,0.11116749638752778,0.0794720154951519,0.14101494668597042,0.04605518726629133,0.08501273945566638,-0.15639865803054087,-0.06507472032583925,-0.059779429857917704,-0.1232290880860647,-0.08498605364603097,-0.027935261290473183,-0.21267375305842964,0.036300898682697244,0.012635747476369625,0.03042510464153264,-0.038868565967097535,0.04577683826358182,0.023913216935927125,-0.028154289079272848,0.013198919313020276,
2459160.694484407,0.9993610750827376,0.00041527080027842483,0.024770710039447905,0.026549458174257808,0.058709324580137584,0.11232219549051996,0.06805119888197082,-0.007663129217793087,0.10731346224498807,0.05734224891769411,-0.010015372542217358,0.07282206058381435,-0.015710104243028315,-0.07629744432444459,0.016866682523573193,-0.04105340395114437,-0.06350837822943656,0.014281274197078786,0.023338864157747243,0.04042578886254603,-0.1277081279722985,4.228385930220291e-05,
2459160.695179149,1.0002720814435064,0.0004154183075905562,0.011251012883121107,-0.07648735487241859,-0.018343298389570824,0.05449466597021266,-0.024675904541994784,-0.055021519225735796,0.08316237718807397,-0.017270938517869497,0.007061416284225466,0.049694377638161494,0.03516566062881008,-0.06706929224992753,0.04144377909748744,-0.05690464472039252,0.025180384061209697,0.07183144297520483,0.028021252275579177,-0.0012961627666819523,-0.010970871033131087,-0.03970036191437394,
2459160.69587388,1.0005749065699154,0.000415477392948963,0.10648703628266198,-0.09871561800980982,-0.1682567633563968,0.0811115469123311,-0.040328918396385915,-0.11406944217492239,0.1128453641064462,-0.00742545254417372,-0.03898564176483698,0.0397276824675848,0.03467632044926521,-0.07893581958725568,0.10918165932586792,-0.02828089114400632,0.0552813760253046,0.05781963160590219,-0.025402362551907247,-0.018616509449161597,-0.07587164917398852,0.04214685297217629,
2459160.6965686223,1.0009657995547574,0.0004155787149876081,-0.019414671528546458,-0.04725162638269607,-0.07717836536038955,0.06403475999664085,-0.005227082930214116,-0.07607821523538097,0.014570683457229946,0.10808924611969074,0.00087791891732996,-0.030052395431028587,-0.07605543632224217,-0.13019343068895148,-0.06753724167311577,0.10385748681579356,0.06103315002814318,0.1184815210372347,0.004077476188921023,0.04038881060080928,0.06258360849364558,0.020984132579428334,
2459160.6972633647,1.0004340991537624,0.0004154551007632213,0.1339357479627589,-0.07841569244107661,-0.007770423262406673,0.03914014850609058,0.02722592995553187,-0.015003208814231114,-0.06685205849264657,0.018483676293589896,-0.018119271051842842,-0.062032504887716694,-0.02998855411429479,-0.08551523526152885,-0.03403727043086832,-0.10884601337041995,0.08996418255269137,0.04877609715065072,0.0007116869500860963,0.06502444496666843,-0.010543607232560854,-0.004538103158637088,
2459160.6979581066,1.000587421162323,0.00041545338393948007,-0.04402117601246032,-0.049798425978843826,-0.04307865671596417,0.10681570182150361,-0.004362758932537983,-0.008395403818698837,-0.0033829725143889,0.06380216140960515,-0.00858441115111444,-0.08806589360679522,-0.012145150733647787,-0.022355436682418864,0.00022838607442134465,-0.10988119469713599,-0.007481060057503228,-0.0872107696561729,0.06821324641639016,-0.014547608149120428,0.06393577278743523,-0.13155334630275156,
2459160.6986528495,1.00058048233517,0.00041544985145433605,0.09886827223806813,0.015768678281952508,0.06977658172395307,0.09773908189280023,-0.08899815816064102,0.12867313155227586,0.02982263660722117,0.15310287123946273,-0.032264433019194114,0.02657237083413292,-0.018628308535345965,-0.061945994919278206,-0.08684554855067032,-0.01757555855017607,-0.13494774309989074,-0.07274317845699312,0.07472647247457917,0.04959990492186606,-0.04503795270507071,-0.12194078905985833,
2459160.699347591,1.0001783352784077,0.00041538746514324616,-0.023251057406849573,-0.013330761606031917,0.08554259778724016,0.13644069532965453,0.00588164349834513,0.08412077012367558,-0.08900031898201469,-0.04144183030996773,0.012258265906311187,-0.07372416030396134,0.072651083022203,-0.032499018113343076,-0.15386101046839332,-0.014981691263708255,-0.031889032213433394,0.05444356480246182,0.0445013446623638,0.048367564158581136,0.009728635227230805,-0.0840216390655048,
2459160.700042322,1.0001717458749684,0.0004153752086722484,-0.06519783154912555,-0.04423843262115751,-0.013935579185844774,0.12853428611082035,-0.16166292206332206,0.07509931795818611,-0.15928604022376538,0.05845002663385782,0.011273496674688549,0.06157484139333888,-0.03483588164514636,-0.06780876738132786,0.11480420952294779,0.16449355929260492,-0.11230301712473535,-0.08825595183033565,-0.0005147191933605284,0.04641314561712944,0.04704071869338904,0.13773226074143557,
2459160.7007370642,1.000447459286684,0.00041540165710545347,0.0009565244186356158,-0.034368554815338764,-0.06139634784202442,0.11145443146460529,0.019909542269788003,0.10332398505657786,-0.07057495714813596,-0.007777419884528005,0.07469043909948633,-0.03511227261640594,0.11940505337156228,-0.09223848988218644,-0.04872242884088039,0.08844713340639813,-0.06617122076524859,0.014202027750885965,-0.00856974115805382,-0.026727090879289376,-0.006546875258972299,0.15408330553410896,
2459160.7014318067,1.0000181156752905,0.000415321920031364,-0.000738199386817985,0.035853698461189375,0.018438203605582036,0.09308093573489414,0.014972413988894855,-0.00490975659739513,-0.09681248512965375,0.10438201397869022,-0.0003534359731246804,-0.09507661865696848,0.0060546749765358,-0.10763853895334657,-0.02720688111541412,0.08011423497025788,-0.0910331913162365,-0.05637665239641496,0.01704202901799337,0.00561324995484262,-0.02640867896098485,0.06003493167950098,
2459160.702126549,0.9994138119548539,0.00041521894929649804,-0.09555395522892117,-0.03854680671106047,0.008575228525967482,-0.05843193701822541,-0.06665250614710387,-0.08841986768340106,0.0210104103471451,0.10779132057029811,0.0948255238945235,0.00264039544278962,-0.020273813636730233,0.01401304229404498,0.06709644703860107,-0.0012759426390003311,-0.017120759136823153,-0.030834803265371857,0.1505811464657613,0.011162161465613454,0.08773559601613384,-0.02279066223643427,
2459160.702821291,1.0012900628439194,0.0004155741935061898,0.06524417765122763,-0.12622391519529993,0.020731822203646767,0.031354785356639346,0.07642717900580048,-0.041418577069263024,0.0351324121305831,-0.005375336107733087,0.025837968802910997,0.049225185264555965,0.06491833635217795,-0.029154646968147676,-0.06217004938753705,0.0834934966869913,-0.0158446121707816,-0.00838727212159248,0.0396947398965814,-0.07471170428222935,-0.09372243218754767,0.013376035705954897,
2459160.7035160223,1.0001906845588513,0.0004153848302043626,-0.05960939840252517,-0.12614290098700742,-0.05500158135952711,-0.037551514955407705,0.10213174506320365,-0.06871563289181128,0.09313218957691226,-0.02283782019035647,0.09904710491813946,-0.01638928019301633,-0.011424725407860263,-0.049844207841398744,-0.055513825593851984,0.015023457962423192,-0.015304882229667282,0.01409414492272115,0.09823807731860354,0.013966251178807348,-0.029690861317420054,0.03438095639394901,
2459160.7042107643,0.9997762627308298,0.0004153180901056276,-0.036596308358338804,-0.12360709071941625,-0.03767406214538208,0.006795099468685237,0.02476463897786315,0.011902727599332965,0.09157359488719895,0.09428023956452282,0.015598488872083772,-0.014786185955397173,0.13321324968645246,-0.023678554974446552,-0.06385517537414069,0.0783665512650675,-0.017941456498076016,-0.010771791192748782,0.01265030730185428,-0.005479322190379605,0.0812287650385737,-0.10102733573405576,
2459160.7049055067,0.9998336949443077,0.0004153256155249758,0.06018559322903048,0.011619426142768088,-0.07397943446416462,0.028087001080482447,-0.016508495023288487,-0.06598693921936374,-0.028489114129747237,0.00830101172164173,0.0169721265415785,0.06140477848944372,0.03127830774591785,-0.06624932411036161,-0.10219981026952255,-0.07527805783956659,0.03392325509287569,-0.04180450479514205,0.06441010466090326,0.08665673084288969,0.01260277245931292,0.0017943026175389967,
2459160.705600249,1.0009656916904817,0.00041554459645200693,0.02005109424584992,0.05966932242792383,0.014074267466944287,-0.005420017357845822,0.07836225709087771,-0.056965202016936896,-0.07856995533025989,0.1056012195725834,-0.03533496773328127,-0.05992099832452459,0.030202802692383457,-0.08553274616163405,-0.027943243514297528,0.15082783875682074,0.016510933141083997,0.05684461204002226,-0.0005353061902989988,0.21001333416351112,0.02041151548437561,0.0919082582509423,
2459160.7069897335,0.9997362280435448,0.0004152824261452591,0.06593963942650406,0.08816602386530893,-0.028338537133556625,0.020675014500237253,0.04423651098538423,-0.04005470209895117,0.029134960464000804,-0.024564652559030332,0.0030945334456888387,0.03410441241341868,-0.05235123423077794,-0.046890446077030905,0.004251476392284468,-0.05667993224096498,0.005190716807468725,0.061040848210713115,0.0988848971047817,0.15175836978014118,-0.039602592454689146,0.1372117044041268,
2459160.7076844643,1.0002742871260828,0.000415384752511004,-0.005404670232823279,-0.026942530186740334,0.013452933201417432,-0.007012417318827922,-0.11168240239377623,0.08770868969960478,-0.03885883492544066,-0.07019986841398469,0.019498565475795468,0.12448217215775764,0.09275939803760266,0.08324105411144193,-0.003143523267211352,-0.02582912793072855,0.019501106167761528,0.017012712717397245,0.02640864161838745,0.11543386343922674,-0.10151618292539215,0.14998346829057352,
2459160.7083792067,0.999888131481875,0.00041533572552091875,0.04111994702734257,-0.006497970444676737,0.09060938073511396,0.01929047026121111,-0.03354897516111705,0.06319062688627489,0.12367682363116113,-0.11468627662297333,-0.03638961989698653,-0.06056719904016318,-0.029049451076948504,-0.09786086209611204,0.19561048802044656,-7.890343087551619e-05,0.0032409055421143513,0.14588260293658825,0.005650632207040956,0.061430512648164216,-0.0795684353031075,0.0682463848835931,
2459160.709073949,0.9998098395917296,0.00041533900776679586,-0.08107517562873012,-0.010321111613506281,-0.05256767755298131,-0.1036137246452724,0.016395038622685088,0.01712688741930748,-0.034162722590134295,-0.0294661874560055,0.0005372402252360137,0.12930005777499157,0.07097252590908384,-0.08125850541169531,0.03933942174277151,-0.06972799746785491,-0.04680958531215444,-0.02244327250788461,0.11986364963266782,0.002975514195913518,-0.07967644275399945,-0.0737065190938995,
2459160.7097686916,0.9999366945394523,0.00041539759081911257,0.015786998840389012,-0.028302616627919896,-0.11630245283475826,-0.0476976734622701,-0.05423325077377478,0.021199567905387576,-0.04221474833084665,-0.03162342915365692,-0.0996085157432238,0.06064973360045605,0.026844309273622177,-0.05315518055593967,0.03024816963100865,0.07813629838417802,-0.06932533701466947,0.06867406517632722,0.12308411235560152,-0.006077450521075196,0.040383044195904584,0.0231789807529294,
2459160.710463434,1.0009356955954585,0.00041560193625830383,0.07032430977965459,-0.07922491429881158,-0.0006100431303901529,-0.07092216300171691,-0.0342347770440663,0.11049525118195797,-0.10323595998726794,0.029372787735579057,-0.051969775461319645,-0.019187265474662187,0.019043763194697905,-0.031196857822394054,0.10464450417091149,0.07283206753875968,0.06712428999033271,0.04088086377994285,0.06387814407085435,0.05533689605157189,-0.0288710486272488,-0.04537297227780931,
2459160.711158165,1.0003815568538432,0.00041550635995353356,-0.05630928650157583,-0.07853151871288366,0.06223894862927178,-0.09713796282401357,0.008997749273619323,0.13783753370483298,-0.0791851962252364,-0.22571627052192902,0.01910381688636656,0.009490188033729289,0.035610422198735114,0.0914202524576389,-0.041131359537221385,0.07775236364535341,0.1247995141976406,0.05020779736804495,0.11236808612891273,0.09980340364680032,-0.11415167019660226,0.18611769117490765,
2459160.7118529067,1.0008779625880502,0.0004155804156262833,-0.028810697243294534,-0.11614075282449475,-0.003736301817509921,0.02382901548255587,0.017189406744193947,0.0497502429220941,-0.09401830998253023,-0.026005083652589873,0.021064764610516186,-0.044170160063674656,-0.11274252736816001,-0.006113854253759078,-0.06600756178670551,0.10394159523310231,0.0813775782565787,-0.14767516927247176,0.05478273215861046,-0.0242931727169437,0.06378508745058288,0.022015794733508905,
2459160.712547649,1.0005958453058494,0.00041556066750736545,0.0494194416795758,0.03447541146742739,0.03433634928649239,0.05820072162298162,0.05197166151908206,0.18592893492019263,0.035279132117929025,-0.038604099954838204,0.07747922957804537,0.035900359476909026,-0.1440797858805849,-0.10750827449357321,0.017005621253671416,-0.00629820245473124,0.043341008282389105,-0.017261607573186462,0.006506192322655477,-0.03211677686622895,-0.0804931639009809,-0.021614865789009556,
2459160.7132423916,0.9996333037203411,0.00041543881594713225,-0.11061657936491004,0.049264110124708424,0.021065609323035847,-0.028482404681584084,0.08832605696388876,0.1265008684933903,0.007229193456116489,0.01480057523506501,0.034808390677820426,-0.0021316620958000934,-0.0387736515259617,-0.16596012792582013,0.02313033971293718,-0.07351610527215974,0.13009150781739862,-0.021287843156840135,-0.032046711473556706,0.04727424544133974,0.15930573424197106,0.013695575466927318,
2459160.713937134,0.9997142823643159,0.0004154476087519216,0.013600474795740128,-0.0017768230180315184,0.04518748517820996,0.045485642705377825,0.021084610779419026,0.12861054778260803,-0.033650766179509996,0.019680845315201628,-0.0598069291512247,0.07371530384662993,-0.1463172124528696,-0.07076229539702304,-0.02023447368187187,-0.040328725617604644,0.0875285406402806,-0.14797860844278524,0.0359886140307309,-0.06283289938166213,-0.03739965081786402,-0.10085744019714482,
2459160.714631876,1.0001868272800551,0.0004155124069938566,0.015343151130553494,0.0004689331322013142,0.11662113923994072,-0.03812209661705471,-0.016290541833251307,0.096319207095019,0.028874959331033807,0.06724886104807025,0.009278631997507265,0.12071492827729724,0.07003487956492807,0.018773131224521886,0.05758164131626491,0.1013736688206703,0.13656297676215723,0.010571267052747742,0.06560689540749394,0.04286312247216631,0.004615531887226755,-0.0314685092950615,
2459160.715326607,0.9998636073641773,0.0004154934589746667,-0.103705411908884,0.1124809896433168,0.07502148194212278,-0.04336229697584622,0.09120318815784552,-0.006698712352736138,0.1321680322878847,0.05560525214699829,0.08363376379346091,0.024878291497846,-0.00014867892581111366,-0.17566039495409205,0.01132618085546056,0.09437794936949628,0.11197189894144308,0.13299095947906892,0.020561543523877516,-0.02403949180977693,-0.012532557036412876,0.0183486224982842,
2459160.7160213497,0.9992119510329516,0.0004153536827971352,0.029883084963104902,-0.04211943861991425,0.040456940788943484,-0.043136045402470305,-0.07041419986778695,0.00820140914903274,-0.08326398183753003,-0.03632356299191464,0.11640852663315554,0.15675095578072423,0.03410703749406807,0.0786058917116211,-0.038889501762092014,-0.010154041653406701,0.09098322042716596,0.10509439705272089,0.12114723483032921,-0.07015759929608104,-0.06884749556481577,-0.0252779429348298,
2459160.7167160916,0.999856344586996,0.00041545278167156235,-0.12474148782042613,0.1392987265088873,0.060657472410311365,0.05615412322909354,-0.04010079757281472,-0.005347801440685447,0.04708685624771066,-0.10749721990215186,-0.049999223741387,-0.16547602776003847,0.04018613352296783,-0.05465620510769636,-0.05750394610804146,0.09052486861037115,0.0492141423212711,0.11839495082158823,0.05472945240464952,-0.1140114526509895,-0.09949531150151543,-0.06520501467824646,
2459160.7174108336,0.9999537466721693,0.0004154847732312418,0.06335300813346265,-0.03267917833131298,0.08769764076723216,0.05466365395100927,0.0757650185190837,0.041826088455908725,-0.0822366164750064,-0.041620782360418496,-0.08660253466300002,-0.09192736476892333,0.042690729033210244,0.024329326300487297,-0.02675347659008674,-0.06767384901627191,0.06444474923095876,0.08428561627993432,0.07548623410542774,-0.12871093481377407,0.009682579361703253,0.04829626248032825,
2459160.718105576,1.0000587785856963,0.0004155062855000275,-0.010082102389813113,-0.017357074227894127,-0.026403168509447558,0.038819500369279364,-0.08405348851015038,0.0018846428615432115,0.020911274655465262,-0.11587994113210374,-0.026791759339175686,-0.029451075364220963,-0.054697854845750384,0.09301134434628111,0.007226170008556334,0.07011736226997245,0.05561219893410192,-0.019467056903733265,0.08504174503086058,-0.05848545350101875,0.015056105149788022,-0.026999001363541345,
2459160.7194950487,0.9998637134722214,0.0004154483981361477,0.05344349780233131,0.1543804190746937,-0.06642578179626832,0.009505044414697105,-0.132343716946485,-0.024294254479311304,0.05724232476433745,-0.017804143574583375,-0.06005898571268483,-0.08996906491154147,0.006725306126114664,0.08574251278788955,0.019191667514814305,-0.012000088628467988,-0.037541141183160424,0.011607894623819106,0.17152168600892717,-0.05059781909854097,0.05313869149742453,0.04765399187199486,
2459160.720189791,0.9993036847858005,0.0004153342208798482,-0.005944261474715161,0.05791131676737856,-0.11921879400616223,0.08745426460321733,0.07645985455581175,-0.031600039481004795,0.009630223058627683,0.044804995302557174,0.07704302660294236,0.14101973124278602,-0.02224765670585501,0.10646663860139534,-0.0038576019493506107,0.07047358962205837,0.14735978730279864,-0.034591925130916246,-0.0035775657238807856,0.09985578027974044,-0.031620376726522216,-0.003423428517285984,
2459160.721579276,1.0008900194605335,0.0004156256566589765,0.09705744465901178,0.14236705249491666,-0.026882033121605437,0.06258373750788049,0.024366297638943123,0.02104632378851624,-0.09933579497708407,0.03045023451969621,-0.03353555885601104,0.03822566827373462,0.08053236258350276,0.039683985556789626,0.0043973964955645204,-0.022509960716759272,-0.026031618908093038,-0.013923739289870568,0.09071645210413959,-0.050093232070279665,-0.05384750057423266,-0.06299241700365726,
2459160.7222740185,0.9996056352970722,0.00041537356330743826,0.029692568197712394,0.08139090017702302,0.07828299986629138,0.005372184931460498,-0.05260646078158269,-0.010814649131321545,0.0718901514559561,0.09009653986394814,-0.09637659919970797,0.05660952778064611,0.09321180426958364,0.03560227754098807,0.06617876701577283,-0.013322101453964827,0.033840036628710254,-0.1431179955501059,0.04290343125862332,-0.030017313950484095,-0.045839681164837526,0.03332341650301031,
2459160.7229687492,1.0001088355625816,0.0004155409213962944,0.08154946877846411,0.011030734574951687,-0.10119942033536199,-0.03873573011163143,-0.012351035294286746,0.03389095867931096,0.18543301641567386,0.008013902677561696,-0.04077344425388696,0.020471129102319126,0.04195095459404421,-0.0645963439261924,-0.018732217272600247,0.0011958331064249295,-0.06558919809393013,0.03162242953223287,0.05451377225782548,-0.1403494080025594,-0.04928120238811066,0.019383139214521623,
2459160.7236634917,1.0005663527489062,0.0004157722850563606,-0.030649803932502013,0.015097792636481588,0.03308582597814503,0.007447427510850777,-0.016148901956854558,-0.10153643126463471,-0.06098830462776391,0.15116614626035987,-0.04282729497558275,0.056971910773667,-0.00385025127864706,-0.036709691555735835,-0.05849631672863708,-0.014569517059714793,0.11034423180207842,-0.02021422488158514,-0.015614106863603525,-0.025580086938387654,0.05254350616806674,-0.045509220739952075,
2459160.7243582336,1.000308663620437,0.00041604809798459984,-0.036268079985188745,0.043797154479846376,0.028898587359260028,0.026556728469302005,-0.128484043115316,-0.07479504736776157,0.04668052154294397,-0.06883599872563692,-0.11936011277246598,-0.03070251196469701,-0.02102452725468781,-0.05961919695444638,-0.12824972159011896,-0.05844553998296356,0.13859008818403912,-0.02218789215098553,-0.0666744188970223,-0.009481580256395434,-0.11703514268027115,0.18038821620293627,
2459160.725052976,0.9996758042924935,0.0004164700620064797,0.004751261888700213,0.032531487872382345,0.07180175563554758,0.06434842930935751,0.0762820332147909,-0.03774705318201201,-0.02559375163138417,0.06412469446265011,0.07667072644028632,0.05396382960418326,0.05194519309623622,-0.011642372443977098,0.06525654399286213,-0.054789007659057455,0.0010209990809844824,-0.03564664335594207,0.013306171924911134,-0.10631575664403978,-0.01475377730233664,0.03762711596083031,
2459160.7257477185,1.0012949210116062,0.00041764866946682926,-0.19572770008410542,-0.007773089672025169,0.007584651145864733,0.11111411246888493,0.11501077824545887,0.01391970363401706,-0.00023369586211720802,0.001846809165325359,0.06941070433271843,0.02809626241233934,-0.0894321977768842,0.053581792521749674,-0.0049599945213254235,-0.04628841288630196,0.032417642352946946,-0.10071071940764705,-0.025425496440762346,-0.06253229778565389,-0.059796370417079796,0.0353655619982534,
2459160.726442461,1.0002466869139663,0.00041934112498039707,-0.07776586077545765,-0.01119048409952623,0.058987970151710284,-0.0058833817403145024,-0.013320490839938217,-0.027991682709253476,-0.03777712408294645,0.03773477207810328,0.06181898474032469,0.01412577425014347,-0.016177929545618374,0.05789521221321586,-0.18011821492123617,-0.03220362724536557,-0.0267106229387729,-0.03978937247482777,0.03543841971644838,-0.05591545807882704,-0.04792693592110539,0.012471503811584145,
