BJD,Flux,Flux_err,theta0,theta1,theta2,theta3,theta4,theta5,theta6,theta7,theta8,theta9,theta10,theta11,theta12,theta13,theta14,theta15,theta16,theta17,theta18,theta19,theta20,
2459147.093159151,1.0006024991938276,0.0004153240058666894,-0.09320068771864869,-0.05996378216065159,-0.004181924482375299,0.10428686208272535,0.11230267155440955,-0.0792194844171994,0.10219607603631103,0.09076885950629217,0.04307634947143532,-0.087145705131976,-0.0896464675311742,-0.12444606305116192,0.20504698770129462,-0.12344946373890452,0.043175019335771905,-0.024450737686298882,-0.15813761335814827,0.023457952742993057,0.05581092956102801,-0.03889783488970813,-0.07470716800397535,
2459147.093853906,1.0007271592518345,0.0004153534878115559,-0.11285022014239314,0.01635822622149094,-0.08173867153538068,-0.08609622996289976,-0.015713516863641145,-0.07559451657251476,0.03510598553257347,0.07060938349879033,0.0624856522975022,0.006315175794140045,-0.02414085851009852,0.07373356862314323,-0.025409449190553893,-0.037597085184714774,0.049053801787752906,0.10792362406950935,0.026631665114859482,0.09400845752306049,-0.0036329156009925045,-0.03852499848513677,-0.07220569974684632,
2459147.0945486603,1.0006434518775271,0.0004153580561050866,-0.037486228789905,-0.04851399700699982,-0.009499752647310442,0.06229017125229816,0.13881458138549624,0.021647535265641657,0.0038424309440536764,0.013170763807531103,-0.09098816738641574,-0.10187530603188162,-0.15326242544167903,0.02024128117908676,-0.01789120154605305,0.036484061224623984,-0.017660209763244648,0.031321557864028404,-0.13174043698632074,0.1052285569913755,0.07393184194062666,0.09005208144038265,-0.07209822819872509,
2459147.0952434153,1.0008625631645378,0.0004153736877720189,-0.1405233428402104,-0.04904335980675312,-0.0691717450398667,0.05648588987420071,-0.03921758848309462,0.015489796987959185,0.04387708168228019,-0.08694051734236666,0.0059077098723101466,-0.06546528310379106,-0.050085085572960174,0.05035442191964447,0.004631773059576237,0.015729420568702718,-0.09057327941159699,0.02221408477828159,-0.03294899599878624,0.04310309965168579,0.009744106774373207,-0.009398390126340639,-0.07249319318069249,
2459147.095938159,1.0009191977003913,0.00041540036126965754,-0.20829530901013626,-0.018401588901526877,-0.03785023389726,0.07830146399412322,0.00618245635549991,0.014594484294372396,-0.03589061710234252,0.07537199981092219,-0.05431014934868897,0.015321864444491537,0.21053655922011105,0.10426170615410615,-0.002117740764435161,-0.01666036859439607,-0.08404963846429193,-0.0028633216691497203,0.09801943127152532,-0.04530545371433887,-0.009054582063367816,-0.0884243856379135,-0.07090748288983975,
2459147.096632913,1.0006755785997197,0.00041536002454508535,-0.0055561970286166495,-0.09943669389647791,0.03422761885137553,0.08396655219550297,0.12199399286512963,0.01592477752192659,-0.06466146291512806,-0.040062751424644334,0.025119228680162933,0.021032874844803956,0.039461757616315485,0.024190695802977016,-0.049934005313847944,0.029673099501222874,-0.03847549096699129,0.010854329520023825,-0.09694020675053584,0.0007944554270145898,-0.008952937581778064,-0.011613419968737826,-0.06758021548971604,
2459147.097327668,1.0011284276355585,0.0004154466404364967,0.002479333095006031,-0.11220709616906169,-0.03667834593081499,0.10846387408366087,0.0743468323844827,-0.06188642203963047,-0.019502830284980264,-0.014226371136975918,0.06334673900377323,0.011533294909697497,-0.02510289133933437,0.007771787162915211,-0.04694926690570843,-0.007342725391570312,0.0979230121950076,0.039930478115231365,0.04266074629972991,-0.022655018884153874,0.03576366314282323,-0.05491248734871504,-0.0697076171342621,
2459147.098022423,1.0008483421202579,0.00041537445108285443,-0.05114633622881837,-0.07030019068509882,-0.07475842971655944,-0.015176224076928063,0.08411509190584449,-0.11491320329886709,0.012565279278138254,0.2312672905689773,0.13671921405643872,-0.1815860474478211,0.019094307690688664,0.14144503265323988,-0.0005709835909891159,-0.00883118053491748,0.12426357963398639,0.009389324771470753,0.10572586360419453,0.03331169134420502,0.044563830497291734,0.13430270873693306,-0.07804444755107101,
2459147.0987171666,1.0009404342058064,0.00041540936833773265,-0.06711888765883185,-0.15216640283125488,0.0015381813763239993,0.15652515445552484,0.10590185110684852,0.0020433113554640114,-0.058923718477843806,0.044109173157652865,-0.03623722053455322,0.013542552965593285,-0.020059179514270137,0.043426163953881824,0.03455703710962979,-0.028371843212319794,0.007992432018127438,0.06899459053365901,0.0431854805819534,0.06885161625400865,-0.022947504729874432,0.10596916801855255,-0.07149514141813756,
2459147.099411921,1.0001154583269631,0.00041526231190167735,-0.03536741282439715,-0.06819769608755855,-0.021016427467882792,0.03178302739965045,0.06619136392756797,-0.005922915326261248,-0.03929484844449462,0.03887979817804586,-0.07924140397129972,-0.045515547046164805,0.02603476791051748,-0.016524643027170605,-0.06961418503275033,0.11663017021527416,0.04393212896355313,0.0035071573170663978,-0.06690149042216031,0.035846559561738836,0.03932517481662673,0.014798489638461143,-0.06853131870434225,
2459147.1008014306,1.0001360555441805,0.000415248424955783,-0.08200102394277507,-0.06715452918499429,-0.15117128085732476,-0.024113656365772895,0.017984744849721998,-0.07998822041720909,0.0372252553750608,-0.045043318703505156,0.06376606816224933,0.008410872695234634,0.09361467341220205,-0.0663640997360472,-0.005886827751888701,0.048077752207002666,-0.16601149818016375,-0.07029513015093175,-0.048618397364866464,-0.0813216369937041,0.0349248967395283,-0.08596044866726693,-0.06986380382537918,
2459147.1014961856,1.000428301606793,0.0004153394675269852,-0.06556888288214976,-0.08651641198458039,-0.20050788457146998,-0.1193893527111064,-0.005010913508874671,0.04174373435437047,0.05031724031419013,-0.07050085483594104,0.013714922310507763,-0.04318597787148151,0.016141175691292434,-0.028748354045693647,0.1266579302647542,-0.01892767308169971,0.05298220322678378,0.017254795448126192,0.06430270061994486,-0.021793726046904882,0.0779550294391912,0.049515116996934165,-0.07444127190810229,
2459147.102190929,1.0012681915672912,0.00041548791737860323,0.05637724528518946,-0.13647846572606415,-0.2253539848431627,0.027830143865161083,-0.03392594428975512,0.0026952192879180076,-0.017868602869272977,0.07208901731506676,-0.17322442584251543,0.06263071586841076,-0.006068567086707638,-0.1322339408856288,0.006468611227971766,0.0005505326582446505,-0.012207875900693839,-0.04410450954249098,0.05533946464340311,-0.01242815291767696,0.0001877400797745538,-0.040002521850980154,-0.07109348441459001,
2459147.102885684,1.0007502596614208,0.0004154146240018526,-0.04504011382286945,-0.033433138894975165,-0.07680593241996975,0.05600405232233319,-0.028766268177939584,-0.06956806630413959,-0.08210959970295863,-0.07112775427336726,-0.05457375122868809,0.06859436582312059,0.010231307528343461,0.07281601686396488,0.05690282986819628,-0.09179540707340764,-0.012953361467805444,-0.09454295808594033,0.05147942924707816,0.0612514560610255,0.07293422998641565,-0.010958924229368252,-0.07250326268437511,
2459147.1035804385,1.001001552142142,0.00041546154132919143,-0.09684154412966921,-0.022592802863899062,-0.014243600865542586,-0.03970130417463359,0.07800064619447218,-0.12470022756111412,-0.05536396611561583,0.01908612163598475,-0.004806492959308059,-0.048817477949027716,-0.021014701288836035,-0.007908378106251501,0.00454111503862803,0.030530959836122723,-0.023362574842324384,0.08174121164874537,0.06327644657549159,-0.026416785044930002,0.04910476517475222,0.0758999055099287,-0.07056758589828423,
2459147.104969948,0.9998415955155354,0.0004152394121156772,-0.014108953713396518,0.03041090428034754,-0.0573014548661517,-0.01000771244338658,0.074328394256219,0.02470971499241179,-0.20213938568301199,0.05065222106241869,-0.009019366939529691,0.05501480816169191,-0.0016884576296977427,-0.08421476082766985,-0.020361757383177692,-0.03743495333095488,0.011375090010623659,0.03537437269474131,0.055310215922501633,0.006195582297943425,0.038882763861611214,0.056120281853864175,-0.07074624421460371,
2459147.1056646914,0.9999953287316672,0.0004152691030830372,-0.08798158218106134,-0.039493363786885116,-0.02476004352106394,0.020566644218749763,0.05709601523339417,0.13826108633426262,-0.0208143567519442,0.03803540150599409,-0.06940058778560744,-0.013189652730650904,-0.01550351472065456,-0.16866993353526472,-0.05845390853393062,0.11070202955429087,0.0320697967446397,0.0003964930548399359,-0.11204856390701357,0.04770036303569064,-0.05282026417557873,0.0011023478641370283,-0.06853224043722006,
2459147.107748956,1.0005585249988378,0.00041537929102238046,-0.07837758635291929,-0.035084761875012214,-0.08723498004409624,0.0687929398230995,0.014744950724503804,-0.008566312119306072,-0.11452800773369172,0.08013537411301455,-0.0018622242846258602,-0.04478691016811803,-0.04766381456008781,0.08907851916077819,0.05079016760241134,0.0012366547441312048,-0.1768046383794952,0.0003219557721564209,-0.038850215372851216,0.004177624173446335,-0.06440122067603146,-0.09663152924601118,-0.06764520767805705,
2459147.1084436993,1.0005953746978575,0.00041538030381852744,-0.028330051573661745,-0.07388083900540769,-0.07492037587280234,0.14490920452513315,-0.004526335905058332,-0.055075536116489965,-0.051550524811232595,-0.0031221561634969808,-0.06964497288790679,0.04118125739327881,0.020026687120371145,0.07802631830088286,0.044204167746800846,-0.03761308134637864,0.022088609958938493,-0.05217241170955805,0.09376802531986292,-0.009103176192426819,-0.031281728450244586,-0.13115389748059658,-0.07138774790802276,
2459147.109138454,1.0009427916120257,0.00041543756586171843,-0.033593954366776195,-0.08366323323051034,-0.061152199575560395,0.03565828898152057,0.021121868788192395,-0.06970460674551011,-0.012121007808554433,0.022853746374923767,-0.010211002915060594,0.007993827672481246,-0.08806379253903796,-0.001095832384859885,-0.193536316431541,0.032393015156041205,0.016465066591711774,-0.03558304935758649,0.03721054969764655,-0.047543741193777175,0.1029678953178061,0.020026510632502836,-0.07107958956593916,
2459147.1098332084,1.0003384404377478,0.0004153552115998301,-0.07515576697027182,-0.02164830076609308,-0.08274677901234528,0.02848377613201791,-0.05824700037023406,-0.06061513952266481,-0.15873049344528833,-0.03493303357888716,-0.04244592713079176,-0.021194368984741585,-0.0377080302656862,-0.016705268095054793,-0.0221243295343283,0.11885625552476911,0.036036749534908735,-0.0535920091958295,0.05926350511760703,0.05242257020311309,-0.00786869631691811,0.02315781288525741,-0.07001375266141467,
2459147.1105279634,1.0004180404361076,0.0004153448487645998,-0.0005569698707841856,-0.08708566939787779,-0.08902161092295838,-0.08420429962153575,-0.015874242227768162,0.02401018387150558,-0.12591897642277533,-0.02964843181498414,0.05630451263159471,-0.03918593841060981,-0.009124721067229391,0.0031058898557606435,-0.05280113588404803,0.027244475519514172,0.02598081174161756,-0.06199522695681792,-0.0026455303264440455,0.014502815084387626,0.015857570642938544,0.04026943484496258,-0.07391284753942053,
2459147.1112227184,1.000079346977425,0.0004152854156386602,0.03421282500486924,0.06017292234492877,-0.09493705358793145,-0.10228841618689087,0.022443758238593604,-0.053886685716175,-0.15767029163978918,0.023382911387249017,0.13312536130981703,0.016743813999227475,-0.0873709752546622,-0.07246778687700497,0.013008551271216917,-0.04685799559552481,0.01802816977756326,0.03323476703395658,-0.07670435639143139,0.05590667140009763,0.054518977560781876,0.001932487519613703,-0.06691944230517623,
2459147.1119174613,0.9998939091569395,0.00041521746783641794,-0.06290602970734284,-0.009644125594315323,-0.06157517249877272,-0.08195363072641687,-0.00902903475418146,0.051519208431201946,-0.09100560620157745,0.12483543022892038,-0.019957469431099856,0.09480487802800258,-0.07138506524395233,-0.014739113098614011,0.13894797554473612,0.09736158711476887,0.07194347884564778,-0.0012458351777928087,-0.06214342139973214,0.006887629046941446,0.03298393588015,0.018720640801027533,-0.07404171576069557,
2459147.1126122163,1.000165117223615,0.0004153081567937618,-0.09223515903555868,-0.05796625784236551,0.030614090173226298,-0.1027178184771883,-0.09047966045128936,0.0439056205251795,-0.13510928571745576,0.0691656300161499,-0.10262175297577983,0.06774060568255191,0.058299129206595524,0.01098457132971635,0.03595491963914251,-0.03297512645848516,-0.1415777520200286,0.025163001191872182,-0.010088763724150372,0.059904633814584274,-0.060179881617392406,-0.017482976636905484,-0.06543858825085824,
2459147.113306971,1.0007755114719383,0.00041545469983157534,-0.07231334315533297,-0.12332538112402106,0.00880336189868517,0.006130387585931951,-0.11377897035267812,0.004926077077835989,0.01657797800163223,0.10057180854177562,-0.09728519964805218,-0.08908325171134009,-0.0032830915704758767,-0.1497535726678038,0.08766098439793936,-0.016821267840137794,-0.03344418132380367,-0.042887816143103344,0.012674141576177873,0.051706216885863854,0.07317488833374901,0.01592894863521046,-0.07459909903620694,
2459147.114001726,0.9997540069840333,0.0004152559532038227,0.0004143828859763221,-0.07538932467859376,0.027894811300897486,0.09326686593055167,-0.09012961056753971,0.022666325413570165,-0.05666152760712578,0.05627958462320094,0.0054856617758611,-0.07747441141785383,-0.15382718182070398,-0.15457912719107864,-0.06536695772943237,-0.024732782549895638,-0.040021409316081336,0.07722243927770937,0.01460988939314423,0.0710250086656951,0.05424174553250058,0.05311089557174735,-0.07240757900151346,
2459147.114696481,0.999308198127889,0.00041514896267426295,2.5320544575123065e-05,-0.10252126366533651,-0.09576130618471333,-0.033033469647332524,-0.1138747409786937,0.03675131468929191,0.013370703087288327,0.04392195989143869,0.031892955300653114,0.05095023038309543,-0.1457664648991692,-0.019538642072532027,0.05264428475883108,0.016661120720692826,-0.0059261127621718646,0.0779081407996903,0.13400316229703424,0.02304512347535259,0.007605585479833915,-0.017358201186134712,-0.07025290576846265,
2459147.115391224,0.9993956603979519,0.0004152165601741951,0.020577268083890658,-0.04705419076759434,-0.06661729007482337,-0.03302214698240642,-0.09802282850874733,0.0119429599684297,-0.04450683921397348,-0.10775863860428218,0.04489791944772645,0.01167540267197209,-0.04099893610411745,-0.005317023658747474,0.00022583663766651343,-0.0729386223164247,0.14799823168893933,0.13727065804943228,-0.024641200103581347,0.03642193907471222,0.10510078810420967,-0.0243262883648929,-0.07369871178918272,
2459147.1160859787,1.0010046551908516,0.0004155513078247405,0.15895300852418176,-0.25120288315853134,0.03371851243449438,-0.0043219695709972505,-0.029169904126402885,-0.03054725471816022,-0.08016115803712849,0.036898713800749466,0.051163661899048155,-0.08812455636653793,-0.00042036318829217004,-0.006132908363694584,-0.03630065271390478,0.04183093136816829,-0.03742594489697296,0.053154287472337476,0.019614198467604024,0.07950617294669969,-0.10649977840948266,-0.17388848620054084,-0.06129536535407221,
2459147.116780733,0.9997992246048971,0.0004153074880892422,-0.018392751613473646,-0.039710597793727744,0.02276129434764766,-0.015050911463328404,-0.029403342189633225,-0.08245023031711496,-0.032874754901858205,-0.00016397145973994049,0.05063583931789237,0.009468809848314011,0.0691355124489135,-0.026775504800778744,0.05681406264131029,0.14747756461637812,0.14403240926675553,0.17142001637259285,0.027832160577573633,0.0026439696159940734,0.06948089387172768,-0.07670453437537864,-0.06862667615790462,
2459147.1174754887,1.0010602270644917,0.0004155359288570049,0.07372529602784812,-0.07648607280311333,-0.031803661202315814,0.0130826670218367,-0.09368311455373074,-0.11065110046285573,-0.02191112629668684,0.039852425935149434,0.012545248068833503,-0.01618064215914186,-0.026241653341778977,-0.012779862391424862,-0.06645327031928697,0.034211771280705044,0.10365335732616256,-0.003138714938035792,0.17231339830337458,0.037918207676892364,0.10193679792710349,-0.10793792850482777,-0.07543530485927344,
2459147.1181702316,1.0008905987795456,0.00041552714647369174,0.003603801122460195,-0.03390685836067318,-0.029470188334660665,-0.005134975070695732,-0.030774113269393957,-0.04778080114879485,-0.09109721366998845,-0.05807910830737603,0.09092383059947096,-0.04825190334700798,0.0353289158925325,0.010205002486657445,0.16280283394824824,0.03099099643346162,-0.11025943994563636,-0.08900922586578679,-0.05478262734731179,0.04794481846141886,0.19724077078463556,0.038108529583419426,-0.0743781118746365,
2459147.118864986,1.0001135288304759,0.00041540139249803497,0.12762157465488347,-0.11332890312554655,-0.029474117101198852,-0.04345898441549559,0.029509155434519523,0.0040188334193246005,-0.07791428761125485,0.0009427097458819576,0.04818997189204905,-0.12544414591440337,0.027120766539053966,-0.0205086290218131,0.027552749111200397,-0.08016279576175234,0.050729008333609986,0.04521076655612346,0.046249701974018176,0.03419257326245378,0.08676553724551841,-0.07676687681178927,-0.07331754085234032,
2459147.119559741,1.0005524336583345,0.0004155040772607061,-0.05662429690691745,-0.045151303902895755,0.03678597338814067,-0.0077776247894498305,0.03858526460984503,0.029010482717235074,-0.08266615900261651,0.0340949607955272,0.012882436672116946,0.17402267961062182,-0.004551333603720965,0.08549259536564563,0.09358534774580209,-0.11033009188001161,0.03689933735884601,0.0057410678512055625,0.05441131801968127,0.16658915950214426,0.08889241304779577,-0.00725189001854807,-0.07382782620852571,
2459147.120254496,0.9999377809972289,0.00041536415934033237,-0.07725782343594827,-0.05715568827516546,-0.0051086973315527,0.05517000159670984,-0.004212899466612641,0.021411963274679417,0.07120135850872589,0.07618726986229538,-0.07399929960418189,-0.10995329660334696,-0.12536620453848557,-0.027796453523099875,0.051303395137975966,0.050353627200987267,0.004428264733126977,0.019588791830794268,0.04394116573732257,-0.03247291306584074,0.09100187358836966,-0.07058571151925429,-0.07766589318510804,
2459147.1209492506,1.0002663248192816,0.00041540656659833065,-0.042366328129173965,0.01550677429378787,-0.02490987939337614,-0.035902147794475966,0.04551992898120292,0.023906219569161637,-0.013684378548967958,0.09999289879751656,-0.1611629700107576,-0.007560095393603548,0.11443997703709567,0.01497836943249579,0.004030151593709206,0.0166558972058378,0.0646438675775325,0.046591769741174974,-0.05395139388372206,-0.08092604845394508,0.179543039254616,-0.09285221078962354,-0.07239745676850248,
2459147.1216439935,1.0014406629058465,0.0004156459843710508,-0.07109184152749458,0.02915108673413228,0.007880867662149476,-0.05007768366267962,-0.021817367457550287,-0.0255987372239926,-0.08485893697485562,0.04634662860488294,-0.16708330130439303,-0.027943721300079813,-0.06021247401438074,-0.028644779574227185,-0.06866926785719327,-0.02173922404986805,-0.05270885145028396,-0.04101750803354071,0.01894117803881764,-0.05234463987690589,0.17271161202306118,-0.045584727970751276,-0.07447496451473623,
2459147.1223387485,1.000236220163814,0.0004153822747290764,-0.0989086354204922,-0.09170426670664633,0.040574887509808595,0.02611134478948668,-0.011415069431433585,-0.056322594021985896,0.0416341504621628,0.009413829757310468,0.06290946671228294,-0.01754992807376477,0.04273475393382285,-0.03360773113190737,0.05167269438051941,-0.0019790070658294453,-0.039445874675783095,-0.08779900143846886,-0.16165443571589566,-0.027444807379855538,0.024323379447816845,-0.20187771791847578,-0.07175327337908653,
2459147.1230335035,1.0002526312833275,0.000415404031495796,-0.13908020400740775,0.025133831392385238,0.09081454833378166,0.013434086054469052,0.027172599394072138,0.023048301301402313,-0.09582637853963398,-0.01676751183964216,-0.04926330238923847,0.036640138755145844,-0.005389110405491843,-0.015528707423548962,-0.044601951029652365,0.10732959051407763,-0.005296898537627754,-0.02893400743466421,0.012481171298241202,0.03953671509638351,0.008303616580681489,-0.1251290686292522,-0.06696019910868545,
2459147.1237282585,1.000423306589198,0.00041545746630145864,-0.14955834386530859,-0.08685783799755252,0.024801865537288453,-0.05018919582664604,0.006609790609216892,-0.04276277281299014,0.06820468306502454,-0.06777723787890738,-0.1539730724105467,-0.04674444890628499,-0.14254347344316234,0.02090516033132087,-0.06221543271006591,-0.013469537936807678,-0.040110269012152665,-0.07142588865475416,-0.12075123461217603,-0.04559238442472324,0.11556782951984229,-0.048640013953394075,-0.0730956841378964,
2459147.124423001,0.9995551841845233,0.0004154444856081376,-0.13236030388498388,0.0196343998385735,-0.07582031048655774,0.009976064964507984,0.06060921230337703,0.30419460079457217,0.05144379383986071,-0.16598856009825302,0.10544414640696116,-0.022969990056522196,0.015004589278188448,-0.07650562588231,-0.09712337885497799,0.1713306113593907,0.03519495175156205,-0.0536271319040659,0.0508315859352214,0.20016650177928444,0.0006488156299464998,-0.209052494722347,-0.07136479609905114,
2459147.125812511,1.0001881080788835,0.00041650893297614085,-0.11537337560940363,0.00016380693140839186,-0.023592365019062984,-0.03855458596133499,-0.0018658368359876984,0.1684696383868005,0.03275059545518794,-0.053019660407097005,0.1462785253189851,0.05864584791460282,0.052441055658058226,-0.008064659070120104,-0.11968598975172416,0.0004894772559159086,0.003005808386422606,-0.10615648755701602,-0.0309350091902406,0.09279686007025971,0.08665505486475357,-0.15987971172454324,-0.075622353570028,
2459147.126507266,1.00097850769402,0.0004178701090638498,-0.042442810603539924,-0.1133274778146664,-0.06219002080693852,0.0013704180045411541,0.038016893945540184,-0.007879417772448324,0.01060911734803191,0.048881394280403785,-0.023713984953373617,0.02931973284865549,-0.01929174823615029,0.08681594564609668,-0.020970872916383745,-0.031626708277616045,-0.04954520733526518,-0.041359901453295184,-0.021198762019256395,0.060499552269851674,0.08187718837335696,-0.07783798617407763,-0.07058501749555701,
2459147.1272020205,0.9996436686390595,0.0004383167898594719,-0.031136670426605163,-0.006377137738621648,0.021796157054770043,0.022614948137061906,0.05126430806055784,-0.06844983439761894,-0.12340996470353781,-0.10982628120447205,0.032562750607799715,-0.005513579402269737,0.05678250393638622,0.07180461380823593,-0.22920466981824977,-0.04227941124484143,0.010463533667287514,-0.07508898009925322,-0.02531616882926537,0.014568342785328536,0.22636964883456395,-0.05395290937684397,-0.07152591285642966,
2459147.1556868623,0.9989971494041432,0.0004405969177634491,-0.09504710041344237,0.0081482485422872,0.008818388535587092,-0.08703320181885599,-0.02760779383529903,-0.0024977131972444633,0.0771279545443009,0.10691396549014387,-0.04760555477871063,0.07196369954267884,-0.14633602424682937,0.05248184254696677,-0.06077498266167891,-0.004846381270556133,0.04094514623466759,-0.027097583375504018,-0.049853573586554845,0.14765576631621238,-0.06882188131324248,-0.05548522379820061,-0.07027903461587055,
2459147.1563816173,1.0009486210382397,0.0004203254979967844,-0.05619613170947776,-0.08468196401669235,0.021132582221928646,-0.018494251050294928,-0.0047348394569064105,0.06408596807436856,0.027230759600353333,0.08909122637611011,0.05637397680263587,-0.02215889403331775,-0.0800578446155714,0.0947666703406679,0.028405520247838396,0.006400138690458501,-0.04382440851866126,-0.02390588265409786,0.0605278465121066,0.021232874153017837,-0.08262153756391251,0.0828287055700018,-0.07381915879342958,
2459147.157076372,0.9998521686501062,0.00041577061985203167,-0.008471484132435123,-0.0024087665014683205,-0.014253454882223834,0.06956247769087738,-0.010034621933215375,0.05213996951490066,0.13884442349699552,0.023035626784642212,0.040753661051191006,-0.09212225352291709,0.057855995491305705,0.09439652731965276,-0.010584856637125687,0.04925288058775166,0.03777626624061524,0.08111398144451704,0.025194033194293697,0.08182778137753502,0.031638215509805744,0.062330989643163144,-0.07481614467004781,
2459147.157771115,0.9999524359873618,0.0004154814812727974,0.06821914793286495,0.09565073856190925,-0.08065477301427629,-0.10261109493218745,0.13565942753525867,-0.04324977726333759,0.08239720833332563,0.014034312941925576,-0.014060985868150421,0.028483548863097462,-0.038552685769305046,-0.007346034989003071,0.10107096798220364,0.01035932516902948,-0.0603315765946818,0.06378422133181069,0.02500596425897097,0.16962553228976773,0.028751573059996205,-0.006696510238943333,-0.07622617036777464,
2459147.1584658697,0.9999503961300952,0.0004153772764284393,-0.054426894106701984,0.0016738968522804346,-0.0007929202342208945,0.12582901702500768,0.003392663942120676,-0.06652821889632254,0.026129171000241723,0.0057244447620804365,0.01806450526268942,0.011854070936663633,0.04425191169759897,-0.04189931895323633,0.06332867906047379,0.16740801878528297,-0.06894481840533087,-0.02932583062131279,-0.12662459913516136,-0.0648677386007149,0.00932742460588586,0.08180474649570149,-0.07050573608758806,
2459147.1591606247,1.0002165252224517,0.0004153874723818565,-0.051327747104599176,0.041683828908504604,0.024962030709825327,-0.19468021913881806,0.03722147454996671,-0.007952619669493545,0.06935417929955807,-0.14261363662647353,0.10544363340619137,0.009190156809753216,-0.03208964919416762,-0.023826601805782624,-0.05657570584822614,-0.016035997982225946,0.007354613879831394,-0.06322779404738427,0.05403307228588104,0.037028030756421776,0.039411454502994395,0.002691178110621458,-0.07863065803465863,
2459147.1598553793,1.0007470398906178,0.00041542685409912643,0.06530705312487949,-0.05262962583369454,-0.05400040696214175,-0.10732359200947546,0.07246373208541258,0.0270018634137571,0.006632938246407959,0.02135444623355491,-0.016064042209926244,-0.0309590098404917,0.04044748675374878,0.08202099037019255,0.09618057501143783,-0.035286366256349955,0.02668561145456382,-0.08894334866502109,-0.02975507576260178,0.07185133531303495,-0.07800533713336028,-0.07988372619260653,-0.06997759908880578,
2459147.160550122,1.0014095335450122,0.0004155435818026448,-0.009450591295133771,0.018461722105369227,-0.15190549922376906,0.29616509056362256,0.004982286879844845,-0.05231796402041375,0.03372017636495698,-0.1647473358541551,0.06220150611050872,0.17287242015818238,0.06477243687093687,-0.07252612538674401,0.004953971038693665,0.20713547672424498,-0.03338376283389486,0.06242416577714306,0.11538593101778385,-0.005359864626307563,-0.05163991120709037,-0.0016271136040147687,-0.074751923415156,
2459147.1612448776,0.9996336797883896,0.0004151722882263049,0.022245762574400457,-0.061321940233601754,0.047738395102121516,-0.026178264092251963,0.14445354025009272,-0.09480132508826855,0.021332842710882153,-0.07458615679871367,-0.0669656224850548,-0.04578775137307207,0.06955739222710834,0.019655547748109747,0.09469250830836454,0.015261226806231765,0.07598428726435934,0.06606118043777053,0.020769804773687235,-0.00563203784316081,-0.08441936177237523,-0.05368287220329706,-0.06723977206418714,
2459147.161939632,1.0003554160562513,0.00041529178590539597,-0.014266186534139386,0.007154975322828923,-0.027525571969784227,0.06886411131592232,0.08028695313916034,0.08581015277183278,0.09602939918717407,0.09049221671876272,-0.08258943115892237,-0.031553260537549824,0.10258291529707943,-0.04655808342992176,-0.04658901257628496,0.01276442499458351,-0.12080641386337455,0.032288503322227206,0.050192432324691796,0.04830766888067607,0.02657703455534046,0.06417200855351432,-0.07546229264441756,
2459147.1626343867,1.0008639375223307,0.00041541049691292634,-0.06542343188199283,0.11414981765351871,8.704363247216087e-05,-0.09509187834199956,0.03294999197946893,-0.08772993531937705,0.00800534422315993,0.013838538494906525,0.10447395531023722,-0.010227170787903403,-0.026285724389873085,-0.0014375567882214475,-0.04105776924206387,-0.049423022970464865,0.007698462035950319,-0.07002759587639823,0.04395784643625278,0.10192368784903943,-0.06807710360946574,-0.055026891943723615,-0.07061117943501921,
2459147.164023885,0.9993729371426042,0.0004151112032003566,-0.12992742583370198,-0.009675504960171789,-0.0640418691501752,0.07126155880111677,0.01423247045294413,-0.007992620467828756,0.14468984045031508,-0.008158439584689987,0.00420175794162039,-0.06780249890065045,0.018487247547100818,-0.06063742252336181,0.01477424911126202,-0.04252525125092727,-0.005163294506921301,0.023582720120442074,0.046285720700252116,-0.01937283554541949,-0.0009481673391784645,0.008240393766025894,-0.07704208630673215,
2459147.164718639,1.0007879716754715,0.00041536341201606577,-0.12863877946375177,0.18748202959719248,-0.04329379811366644,0.18554495121973333,-0.04357137566828455,-0.10086727048851582,-0.0969095603243698,-0.0030477621742693553,0.022411903137658798,-0.058487842187596235,0.04455378233945735,-0.11541881138579345,0.0015126996259967223,0.01930979454276187,0.11202229094362358,0.05331845878310408,0.06066609458459356,0.04290088262953666,-0.028046384086195884,0.0069463048104029,-0.07141649746714561,
2459147.165413394,1.0000591928778613,0.00041525831802147233,0.09913670198463125,-0.07638120331760082,0.06679691214798494,0.05222418730227035,0.1590087955639029,0.027347837361855105,-0.010685792394222134,0.05864128563226685,-0.08592954948501481,0.014163882527700523,0.04301816960231553,0.08558282913460964,-0.06659435947512975,-0.018548923303973158,0.1430547006448984,0.12467725786192632,0.031618118472647866,0.09234426765648247,-0.07194530268984824,-0.01655814152635254,-0.0726666852032057,
2459147.166108149,0.9993488036710352,0.00041512461505403847,-0.048596219690577834,0.013699148493296317,-0.046321971722915356,0.013465785053147767,0.12955602447121076,-0.019876426119757422,0.007696518316841573,-0.048085281992938975,0.1014112528601593,0.020845530971824906,-0.03408270766562103,0.027361217267421876,0.025447019348039786,0.007069349637506713,-0.011523359675488285,0.016367717512720228,-0.10150510918079848,0.08553147497956823,-0.045774717885544026,0.023298455068734285,-0.07248187819148895,
2459147.1668029036,0.9995951114513866,0.00041515902686828333,-0.047791932698285564,-0.02968638649866947,-0.06871668074264255,0.028756738059983147,0.07995270557994949,0.0888117238060698,0.0403883883549202,0.003114030423334194,-0.10856139306729107,-0.0126362782057659,-0.04736842921202418,-0.005901078863594955,-0.08780862516856446,0.06346172975312656,-0.009304397690151175,-0.047924774226912534,-0.025022290541869115,-0.07026932374600421,-0.00607827978514676,0.08887068821036606,-0.0746916037391181,
2459147.167497647,1.000804195115328,0.00041539443409863006,0.04108613154430561,-0.10973551527822434,0.08062457703179425,-0.02232847916419386,0.17445598001943347,-0.12798730278128195,-0.0029886134927554196,0.06683902403881636,0.08739130232590203,0.1654721813171557,-0.09460158253422074,0.04207551033852506,-0.12063619840253147,-0.08969034803854803,-0.0952770271936599,-0.07346829256744529,0.12370567953962584,-0.11331429876487478,-0.0349552862343772,0.09493384155225806,-0.0680185141204772,
2459147.1681924015,1.0010345062179113,0.0004154428705046157,0.05366742887461159,0.0028786732193592517,-0.07994530425407945,-0.10956373172212386,0.051364383823256234,0.08324058678108788,0.038168827472810946,-0.04179619260354764,-0.06986943228581369,-0.007008038395620881,-0.010271388928450817,0.05528841342880145,0.032524416852092494,-0.008539182174788338,-0.08424949124733548,0.06384281781877592,-0.027639571858106737,0.02351720617903735,0.010482456537760993,0.03714675101052913,-0.07050705298176016,
2459147.169581911,0.9997128880305135,0.00041517680508300554,-0.011564794338331005,-0.03716110353406346,-0.10689842688459679,-0.06935143877043905,-0.06319418973976121,0.06506214704497186,0.0798891306041965,0.040925989103999416,0.12359946128916953,0.001779335905368503,-0.043257435030885714,-0.1581016206473905,-0.014635664785048243,-0.056085703500311584,0.03118237980778063,0.05656336592832587,-0.00279517745777145,-0.12251840719077094,-0.03530037824187789,-0.008212610367899676,-0.07347075319846794,
2459147.1702766544,0.9996993444800802,0.0004151927605660185,0.04871237960576347,-0.03448701725659843,-0.11092883155713436,-0.10540254335871685,-0.055543417218951174,-0.024875464555913645,0.05664755927920569,-0.0524527989290183,-0.006846807623495441,-0.025628328062039258,0.08582200288734748,-0.12936751870298635,0.02844469736366365,-0.0690102386753797,0.047151960805527075,0.01380972311638078,-0.03053109068676047,-0.00015644412558849573,0.02654661566936369,0.06127746136683714,-0.07390429493299672,
2459147.170971409,0.9996955206583632,0.0004151978253104899,0.04906995304623762,-0.051569472183029486,-0.12477193381222425,-0.05930736571479456,-0.004747502476224115,0.1870290846549451,0.07977801381236277,0.016446772360908708,-0.16224140224446512,-0.03602723924329362,-0.05363863861987967,-0.010754317225394055,-0.05393750157160987,0.009146485959871525,-0.01022246464919538,-0.01459179704535802,0.04686083323418847,-0.0788673952161846,0.017216343763451512,0.05793984459861888,-0.07773365246732042,
2459147.171666164,0.9995579228091171,0.0004152047103897973,-0.05317663025665865,0.06519447923140245,-0.06608491950603171,-0.12304849671253908,-0.03951851666856091,-0.1108327225407925,-0.05990131973673564,0.07078291824223158,0.009723679836346075,-0.006053880257304864,0.1149648193978036,0.024021572241022537,0.07690722193762486,0.0333082566265187,-0.06308512412613151,-0.05917595315110593,-0.08594656835459091,-0.06634686756628856,0.0010212716675417441,0.056061609750105254,-0.07255612957604488,
2459147.1723609185,1.0003717420965361,0.00041536522864474556,-0.09776468925694544,-0.02229789771211729,-0.05929907334811581,0.065886085693898,0.12422050855005469,0.030555088279040906,-0.06599887729506987,-0.06056832455311975,-0.041128914456486435,-0.03303417879283947,-0.04694023103834155,0.120905305093735,0.06818468871931771,-0.16180338808232075,-0.019937591222916867,0.059912477422186756,0.02237063054817816,0.004476138660776859,-0.018402023340416712,0.1295450601685244,-0.07644373514390472,
2459147.173055673,0.9999429117291906,0.0004152520107500736,0.025425086865853704,-0.0998903541898538,-0.0015257304669491598,0.08642534987319823,0.11032909869770123,0.1033661869199044,-0.0960833341339229,-0.10761932864043941,-0.01992363262724374,0.14788941774775544,-0.0013957638602406165,-0.04665888687818661,0.09474326203502799,0.025113693124062413,0.03214906179416875,-0.09535274191160079,-0.08045675705207332,-0.1439178823007562,0.008620916948222406,0.11857031489294269,-0.07350712659582788,
2459147.173750417,1.000214867395974,0.0004153327445535377,-0.007041525479870746,-0.05319702725065092,0.00333421548797544,0.012371554350902703,0.08517274819005705,0.01307691769104804,-0.070477919316006,-0.039716548542711595,-0.09352747364248548,0.06960482016689332,-0.006605153586371602,-0.06626615750592939,-0.020173765599348158,-0.014528365524435935,-0.11578060219189616,-0.05160380325945389,0.02432237696906268,-0.03549361317402477,-0.08005898302820302,0.02550666100743048,-0.07109688874506381,
2459147.1744451714,1.0001095911348035,0.00041529544116297924,-0.04238250604672596,0.10212086550963116,-0.013393254631862164,-0.02991442899287523,0.11618025788555743,0.0735880050898406,-0.03717325366314612,0.014095437358568611,0.08079251766312456,-0.023753970395578496,0.06423555978072377,-0.12385031411247534,-0.07566818343307767,-0.030940536412336968,-0.02624607294077403,0.16604255469227616,-0.017578353247992857,-0.10428937986563248,-0.05296341425517943,-0.019869998903084173,-0.07055978158327776,
2459147.175834681,1.0009624606725924,0.00041546216386347456,-0.04796107652243028,0.09835892551325966,-0.06489587125180706,-0.08741378707023831,-0.017459817084258984,0.03418444483394292,-0.029952614549470867,0.08098528896680128,-0.05447203797351407,-0.11696389986465876,0.08367371215657764,-0.020818190673962393,-0.05874760967359721,0.1005423939575162,0.03548010820569075,0.17804156191570156,-0.027018298470847333,-0.1157790833217623,-0.11046992140452921,-0.1144124728176359,-0.06765687522449726,
2459147.1765294354,1.0009180963433233,0.00041546246292028643,-0.11721190113663474,-0.045420759781879164,0.08507046563713729,-0.07183810650662519,0.023351001512497783,-0.05224233170296845,-0.06749109871004577,0.014691600476845324,-0.059032296785663144,-0.016113912325089828,0.03348432877857978,0.047445489476002606,-0.022844285676695133,0.019653818217410975,0.047832363019306136,0.06240210535850596,0.127755193799278,-0.08223954733088588,-0.15734801810512575,-0.04525943880034913,-0.0631550648868331,
2459147.1772241783,1.0003265745871472,0.0004153512218572537,0.039025332501281006,0.046146776649671234,-0.1532218780641176,-0.026345595799554658,0.03049613087734933,-0.03462306403625718,-0.07601764693039587,0.023324190330046953,0.054838456169512065,-0.06665201481473242,0.01663267440485637,0.14812273297986323,-0.0443567964606091,-0.10958147076567669,-0.08562836083822423,0.03625321955351964,-0.05054786471538251,-0.036766633032626346,-0.020058161319221966,-0.030676654537981633,-0.06737004086404522,
2459147.1779189333,1.0000980920424896,0.0004152981160565663,-0.03255134695404095,0.02525644526206616,-0.02372100776315617,-0.07146677468271952,0.051408413754801,0.06053540513526439,-0.07116761564666388,0.0808929530620919,0.11082191585369122,-0.12961389358024433,-0.0018394474679296069,-0.007085338037825175,-0.10547810822462511,-0.004360179061202153,-0.02156818685997678,0.058808211080048,0.057266844786952965,-0.06584273136345184,0.03727744069591402,0.09355347053663972,-0.07163665120825898,
2459147.178613688,0.9991689894432182,0.00041512854988064575,-0.0531535863001675,0.01853515699326884,-0.034373706786880634,-0.027654095156819825,-0.016504973716708532,0.00876195818013487,-0.1394387441546479,-0.09597557325997526,-0.01850433215578841,-0.04603839997131684,-0.0002811424838976462,0.010667941053948145,0.10207273776377761,-0.0022321093443734095,0.12744218520694547,-0.10204612093296418,0.041690176697956084,0.15583293941404722,-0.07339284228585627,0.027522699257412606,-0.07128917576344308,
2459147.179308443,0.9996469200262693,0.00041520821421599355,0.008518037276228652,-0.0640119820524023,-0.02702034639841957,-0.08064811109935663,0.002117080474594101,0.027834578525408334,-0.05620033976716285,-0.051944550001123024,0.04072981664454702,-0.07761840674569626,0.11169002927206506,-0.019690901027031624,-0.051022208906597005,-0.044096151001217734,0.07234807594277524,-0.14067021572627544,-0.11472324105974724,0.008025011836470142,0.015204567992787361,0.06660630637095648,-0.07460256236963168,
2459147.180003198,1.0003319168459814,0.00041533054103049183,0.05087159414152104,-0.053747036622969424,-0.09661836430554595,0.014154244160782276,-0.06010172909050589,0.06294106430885571,-0.10994793902366837,0.0759365998987717,-0.10597041544193854,0.025447344651283395,0.07391236384719042,-0.03016934090054593,-0.010596685940821712,-0.12739407163997346,0.18677990141667342,0.08099447847009628,-0.07011641315154055,0.047391549638633054,-0.0355729446683685,0.03017151260724855,-0.07069774839323334,
2459147.1806979408,0.9992102435038993,0.0004151201553426049,-0.015398573294811242,-0.009153996475824157,-0.010290182483344842,-0.0340224446783799,-0.08536368439888968,-0.03419324254909175,0.0026680445875636337,0.002126663011689184,0.010697402111625164,0.03274796451460541,0.08821766614740895,-0.1461389142049247,-0.02202195499595693,0.009832429758517378,0.05071488161178175,0.0002162137947765942,0.06258096202376756,0.07681213062887442,-0.02526821189774842,0.08705758934295073,-0.07319186127518863,
2459147.1813926958,1.0005407355233615,0.0004153994523839005,-0.05401632824161971,0.08562845445473276,0.0722201695261321,-0.04358435082406399,-0.1320839674439433,-0.0589221714964375,-0.14733883176211224,-0.019322814603179837,-0.058798547449133674,-0.0424631304145937,0.20946817155692013,-0.06777593954780783,0.0491038869647307,-0.08168334371548,-0.24776653727453612,0.3195401078534036,0.02683324925922418,0.1327277380116144,-0.016267342132568474,0.027294538497479814,-0.06870977703321232,
2459147.1820874503,0.9992774197697849,0.0004151616553530891,0.02706782520746179,-0.056348701658229264,0.03128670169230765,-0.13113606758201515,-0.07594955928152278,0.013902162144034088,0.027615361457772925,0.03640650755947147,-0.04240839638505022,0.0488352984114448,-0.16623347420276285,-0.04266630746564483,-0.05603846552699748,-0.018344753017551785,-0.06599456602195088,-0.003733914600720307,-0.03121836360729572,0.018856271231828363,-0.009750557176738575,0.05846669149462641,-0.0724060943562978,
2459147.182782205,0.9987511642967515,0.00041507296657651197,-0.001968426266043175,-0.04156772542743986,0.053810836311851226,-0.042952805552373026,-0.014463584014565383,0.04222214027113699,0.03770161507463206,0.04410738246784501,-0.014366864143358223,0.10926134745759686,-0.09904605744172298,-0.13110251737305226,-0.03207363448460727,0.0923791405347807,-0.04601332260508014,0.05793684179435383,0.016761231721302106,0.04917089591980605,0.027141421313585122,0.024923797075494483,-0.07194149206756134,
2459147.18347696,0.9993212600415051,0.0004151722441140202,-0.041660580571788494,-0.038199813137287514,-0.04829626889306557,-0.09116351946868621,-0.12661176574976588,0.0003786947061371626,0.03637885702402147,-0.03545200287604585,-0.026872300345121884,0.09459511125236011,0.0744293267582378,0.09559244717307694,-0.10818506410238829,0.05279624756772081,-0.030656069716326107,0.12873990107026895,0.0697391609201952,0.015825300582136027,0.029385659626801654,0.01964558268229303,-0.07366177325200071,
2459147.1841717027,0.9993380463165497,0.00041521863244951916,0.1486215918984186,-0.05382822214508064,-0.028317316449532406,-0.07647555659421716,-0.05376273230537478,-0.06923496678269392,-0.04651610756573093,0.08122068282445809,0.022625829538527042,-0.09384294589948299,-0.01859119006449047,-0.05492785052264904,0.002832594918051789,0.07904653613199251,-0.03949969273536102,-0.03499577302570914,0.005292810773532074,-0.1438364548045401,0.023557526810956596,-0.069549111882144,-0.07315225000501108,
2459147.1848664572,0.999399521714514,0.0004152434634478036,0.03956251220579381,-0.17917942349750496,0.1265248276155789,0.058551232895978474,-0.06969102860236141,-0.10361466204025727,-0.013114787336540904,-0.09052883186092546,-0.002506319798506306,-0.06871392321737833,0.017772290219000248,-0.05251100700945542,-0.0029009526959313694,0.011629596070546887,0.03468536177161443,0.1326991587218034,-0.0426437199618736,0.04997615047036733,-0.11479750817113538,-0.05894119211787513,-0.06873501176406308,
2459147.1855612127,0.999870657518485,0.00041534339928365793,0.07246235700256685,-0.03911337683600582,0.01867455533573083,-0.07905803661331026,0.0003583368250855344,-0.05915034273262329,0.048364444605797856,-0.13522640759605875,-0.012731950873107788,-0.0320956438956795,-0.08426483394848439,-0.019928878630217677,0.06344206429171641,0.027560934781208808,-0.045009630974753696,0.119760017852653,0.03689093801195403,0.0030139305775065714,0.05728956745948586,-0.03492605218857623,-0.07607870775495217,
2459147.1862559672,0.9996415010709149,0.00041530288976367907,0.03409501905259462,-0.08415793646755054,0.050214777998474645,-0.011888563086988468,-0.01690199365173444,-0.04505566659720514,0.00601483711665853,-0.010594743044289473,0.04496058973224257,0.041217450509566586,0.11072465333972044,-0.045515482806578536,0.0358999800221445,0.02858669408478106,0.14800385551112255,-0.03560679509819209,-0.0031347589673916365,-0.10152404425116093,0.0400656619907726,-0.1274623771580615,-0.07167251612333896,
2459147.186950722,1.0001967492400665,0.00041538713683038944,0.13359789726631452,-0.08395494165426585,0.08477800068776391,-0.10678894061975315,-0.024042784094765852,0.06015382205047652,-0.05076712049351655,-0.05805570984317427,0.003892044176022059,-0.02372606531873864,-0.025002229485689843,0.07351590793570156,0.0459499215431754,0.0831333809900578,0.014814538767243033,0.01455171271625755,-0.01743175304035716,-0.1457662568523152,0.12461582080925829,0.009882547096555467,-0.07614826233134812,
2459147.187645465,0.9998288559277733,0.0004153391889749917,0.11625796524140032,0.05127607729886186,-0.01982561164011475,0.10924565334081233,0.07128582211446591,0.11011659011833828,-0.12562383914394443,-0.07989904501511935,0.002577828211129918,-0.07997797193325502,-0.043083326386626514,0.0028858807018886075,0.07323738917648118,-0.016035447342301272,0.053834128859577945,0.021880035197893766,-0.07028226674573941,-0.06989014613494116,0.1493590023503588,-0.01696915683606123,-0.07218229596556394,
2459147.1883402197,0.9994794974886348,0.00041531090935724137,-0.010203218000363435,0.008810394724207282,0.027834836622210892,0.05790822336375146,0.0077508999216181216,0.007373716675516428,-0.05943551994599895,0.03815774940312792,0.09564536755188353,0.14433042519849962,-0.018200859977171198,0.02392477491130334,0.0377373243800537,-0.06668596607635725,0.0995417219870803,0.06836716759189128,0.04805752943885024,0.03197837294827156,0.1116496689161719,0.027803162913731225,-0.07213551325342105,
2459147.1890349747,0.9998327899667068,0.0004153300682764999,-0.009462336856398844,-0.034056917195603095,0.0909951590095443,0.10888404512090892,0.03260333796906293,0.006036048746548811,0.07512468430392119,0.025934076471377923,0.185725036730578,-0.09627242796492395,0.030047269690025382,-0.0711746336190408,0.018107043949442642,-0.10431486870286193,-0.09457926398344735,0.04376963221766128,-0.04792670911339751,-0.024878537648904138,0.04944190458739702,-0.07307969873159723,-0.07558960842330996,
2459147.1897297287,0.9991774161517852,0.0004152350370916612,-0.008830771544341745,0.058544346901035195,0.036394526559556925,-0.011315308749904633,0.024985530891690335,-0.051716010993846415,0.026469213885681717,0.020137624590698563,-0.1145702776320127,-0.08234307581485799,0.02990197534299587,-0.023051928626009802,0.10438496836266843,0.07206873594833504,-0.052613229796587065,0.03892904851397826,-0.0069887615106712896,-0.0968759886615709,0.08664194493191696,-0.06235828316575808,-0.07100400858806181,
2459147.190424484,0.9992113716167106,0.00041524220084039967,0.07586827403527337,0.061495486606131716,0.04271957874689116,-0.09109426908910152,0.01299563913798321,-0.06426650695228012,-0.03533008094714988,0.08622762787347198,0.0461203946857639,0.07058407715629586,0.05219229710319161,-0.06557164442419136,-0.0009407103673610479,-0.11090596106506893,-0.009924814768372042,-0.015273364385591648,0.12819154834419821,-0.09313254034123303,0.16392144642423828,-0.10580633264052822,-0.07202063324536831,
2459147.191119227,0.9993432865846978,0.00041522587908194225,-0.08741917768212173,0.0061489762405964815,0.07302739757019691,-0.001744848678237204,0.05473626629502427,0.0648316219227879,0.045712128037852434,-0.07798994599852947,0.009885237875838636,0.03716030534636879,-0.11190649258569883,-0.08823592781238154,-0.031261357345967335,-0.0799858632258442,0.000742820298064946,-0.06597088023608447,0.043740107433692534,0.049863550579930624,-0.0004958634318502204,-0.1457748557874844,-0.07128851745249441,
2459147.1918139816,0.9996476542660442,0.0004152914054758365,-0.13845294845616576,0.0444364476430566,0.08409099755637924,-0.04191646706068721,0.08041645832813367,-0.002579839467724463,0.0014265547116269555,0.048552949868968374,-0.021662977247075815,0.12218420771192148,-0.03800082419252806,0.10261566447439381,-0.032773959495776016,0.0104777994908453,0.06236029241292761,0.006548792939164956,-0.029062795342363962,-0.12578094662660874,0.025091177469015066,-0.14377055292893592,-0.07119247516540476,
2459147.1925087366,0.9998786241539365,0.0004154134515883571,-0.08196063088945975,-0.036579719737528764,0.054611800628183424,-0.06139324296152076,0.049770349044412014,0.00926788704316223,0.09288695462696396,0.00247403683788982,0.07024582498598447,0.024594257510871784,-0.12654160221256813,0.014131560795800926,0.008097066070155099,-0.032442677720897546,-0.1039852837820706,0.06860827923467254,0.0974944732993596,-0.06372258377862534,0.12245926425096841,-0.019469908632660946,-0.07390150738067505,
2459147.2244673492,1.0010090187878244,0.00043133535749057157,-0.10084471782880058,0.020947679710519786,-0.03987877749660879,-0.03645977004979766,-0.19232012507327334,0.16949839300881797,0.1278374923182504,-0.01878532028366443,-0.11598584163442625,-0.07011713364135998,-0.017687002702690132,0.11846165066668253,0.01995333022650092,-0.11684750270332851,0.08757604464419658,-0.047685525981829,-0.16179235626832955,-0.10678588970807464,-0.156823271685245,-0.14244644664472242,-0.06972508132144639,
2459147.2251620926,1.0000146311139317,0.00041900694467551086,0.04445513928565476,0.18155286824355163,-0.11822790946311441,0.06329973125182942,-0.015724316450700472,0.07246703241718955,-0.08681103232599639,0.07151397632725727,0.0940705979586696,0.0739885670312079,0.011971022100441457,-0.002630485579028048,0.06260435732239138,0.04253068711030546,-0.04376702521290691,-0.014912440575980348,0.12837338914652827,0.051524689764030525,-0.006557341784388016,-0.03584805861183337,-0.06507423014139155,
2459147.2258568467,0.9989895249492683,0.00041557366834157016,0.03421709907757549,0.043869457855057234,-0.04846290441659851,0.025932196138944697,-0.0033332603494321553,-0.041589644611781315,0.16845959189534956,0.04133891037856601,-0.1107754682906436,-0.11264042576670755,0.08920094565511717,0.020919810583754132,0.09686977584095881,0.10186937582829006,-0.006186321908680087,-0.040882310162992375,0.11781742507328942,0.016997383262502226,-0.0026252587332331306,-0.002582401848284465,-0.07829340130150872,
2459147.2265516017,1.0001457401047658,0.00041551863758639083,0.13034590346737138,0.08654337968246133,-0.006681454035754403,0.008352292746947522,-0.008464966250360534,-0.00027871327612642195,0.06745077958656624,0.1463618249467134,-0.115164131923722,-0.022103417889538922,0.017409122986731383,-0.1546845402172337,-0.04999406916247693,0.15408785144841539,0.056025272811801995,0.0037982161136866006,0.012412465856778703,0.00023763157386241253,0.04442097015170658,0.014069096928200658,-0.07542563255119404,
2459147.227246356,0.9996021982496447,0.0004153074463193292,0.10075148163689163,0.004797648417042668,0.08253830843199442,-0.07603297673391614,0.09386694979064587,-0.022724665750015985,0.05193059150885305,-0.03586613710979781,-0.10461743562289381,0.015315945361293356,-0.04681279217008631,-0.011146676323985099,0.024055394588473947,-0.03445801476016287,0.11936509416332956,-0.017366213419043954,0.0719673102480914,-0.0848868131364358,0.025377385135555614,0.01579802792408627,-0.07581503387585926,
2459147.227941111,0.9992358205346463,0.0004152000001426272,-0.04227969862598579,0.07725550869225033,0.05083806946133685,-0.04123086897603241,0.052071568352025546,-0.057125174122828394,0.051796076034307505,-0.04134200010777247,0.006267514011178931,-0.09216014864998345,-0.01752562821797734,-0.07671685019276972,0.12130574749283819,0.10679778923586115,-0.05358695320555957,-0.07214783964773917,-0.05758322351990066,0.06632429996558237,0.031613056438007936,0.09300756287094855,-0.07414141941899063,
2459147.228635854,0.9995496059157681,0.00041521337685360306,0.1101462636866552,0.010353707780824076,0.01069119393894243,-0.0668625632304693,0.08257032038085814,-0.08741870038915844,0.023267150435949062,0.05087832712878546,0.02136975685799271,-0.03250682330822429,0.08816297481181457,-0.023711574597413347,-0.016867120813474325,0.059184151842977525,0.05799710655512131,-0.08290962465144446,-0.07476397037262668,0.15332347804541796,-0.054202414343783804,-0.028208753859198,-0.07408629611986717,
2459147.229330609,0.9998869451381741,0.00041523937943068037,0.012071874918308745,0.10073983872642539,0.008644575124540203,-0.12063037409487126,0.04982830334882508,0.0021390401694812225,0.08810997694244968,0.02492325694158875,0.04018597850830147,-0.058192334323511716,-0.046695602964030976,0.10842633122592542,-0.011206095943780114,0.13158648507211984,0.0515469292739006,-0.10826366511556096,0.1177457147224504,-0.004272959834810451,-0.0215062237375479,-0.011021078110161927,-0.07687496789971432,
2459147.2300253636,1.0003598947245127,0.0004153295493327136,0.0043012833957776055,0.06700459628534153,0.14020402315961883,0.035195875314717,0.04813658849747796,0.045775648359952285,0.04737315710323251,0.022158498283801068,-0.032037149500609166,-0.036373200597771486,-0.0996863103238356,-0.07461149031564951,-0.016052410907700203,-0.0016303147198708815,0.09655311207716741,-0.06948709701227788,0.011442962363672518,0.10786448353944034,0.025776842383748364,0.03705985881880089,-0.07248419634439825,
2459147.230720118,0.9999617986688094,0.0004152212202910542,0.028286166423936197,0.06742935718107236,0.016907637475435014,-0.07353169859851616,0.13102774187911168,0.0032419355141107497,0.12267559272940923,-0.055991427489986534,0.03377369593406537,-0.019588118688378384,0.17867564166103614,0.018021134028903235,-0.003803269014319552,-0.021095466264324347,0.024260905669257014,0.05930161181338822,-0.0017841749282750223,0.10077518492937453,0.02574493801295583,-0.01117704598943533,-0.07617601489170572,
2459147.231414873,1.0003109031963913,0.0004152984347853644,-0.06176809451541234,0.13931708754396355,0.033616439999553625,0.06083909131551324,0.05005219945174245,0.009190185356414173,0.007965275911417068,-0.08379577057189339,-0.022941904823383718,0.10875191306597304,0.008662397132547425,-0.002398543666830628,0.03403196148056176,-0.013390527754966873,0.15564434953141915,-0.0571398973079521,-0.014004713961248852,0.01066153010334686,-0.012205148832989496,-0.038920315960008986,-0.07050459438733121,
2459147.232109616,1.0000945260602006,0.00041525400078241763,0.05706907636618187,0.13858805357607396,-0.02856225538142333,0.09360883560383827,0.03338845038485021,0.06630898221043521,-0.014552951010500154,-0.026603722589042787,0.055499895007083175,-0.013021591406202309,0.09132774446168561,0.011386876886568984,-0.1283456467405876,-0.03008300837963223,0.019856238633708317,0.05298772849702472,-0.10468996599816134,0.08740108168052631,0.05155772298011363,0.051485650491795966,-0.07199599429353161,
2459147.232804371,0.9996253618890608,0.00041517003578838985,-0.09049234350150236,0.022990958438575033,0.034963868822076014,-0.07599053570030365,-0.058698012552511655,-0.029820323626647893,0.12987615429855426,-0.0027755405345493405,0.011377493205753271,-0.09811804979864013,0.04938951909313288,0.0007719545053145035,-0.10998672147789433,0.04044565536019219,0.05097230350469088,0.01854712368260646,0.11785792386451992,-0.013944195492123551,-0.04798022630342163,0.05477110744381562,-0.07286720123859956,
2459147.233499125,0.9997424375138219,0.00041518997341877104,-0.08247189606498959,0.19911671134519252,0.07549760825714574,0.052126643475940565,0.008665039388589812,-0.03172357888157814,-0.09615117579099264,-0.001419296646502928,0.03684773875132703,-0.09934644774943358,-0.06712523097974235,-0.11029347599574213,-0.1011124466018068,-0.05037070616843462,-0.028610964379607876,-0.07048259875026221,0.13198865775608168,-0.0727642022808539,-0.02663858078646986,-0.0031802994543886206,-0.0735312200038117,
2459147.2341938806,1.0004741001193298,0.00041534267914068056,0.04263077557754395,0.02439749541599114,0.0676361869117857,0.042109764370877545,0.14964702447454908,-0.054135640896805025,0.0894123198230059,-0.036287955064143736,0.07106885184840256,-0.05684810853080191,-0.015469963930302012,-0.06528359537769164,-0.07578790951579921,-0.019644570205278447,0.004041337679103101,0.127517819252686,0.0013000854742801487,0.06142692465481859,-0.03714486213615282,0.07624247130747251,-0.07984058507855842,
2459147.2348886346,0.9994713695840558,0.0004151265509055108,-0.062338873391516524,0.014503986387964216,0.025848559850231018,0.011678023213590601,-0.019345019853692712,0.061621317322726576,0.05066179601358573,-0.06591523060545498,0.012029646474817666,0.14137417642601033,0.021631493193450688,0.030357895822303617,-0.04956719313430882,0.031736245057947754,0.06815257433892699,0.01894529785774062,0.052081519697355534,-0.11783929600463085,0.02826165064059213,0.02540438737650545,-0.0755874240777473,
2459147.235583378,0.9995706249180121,0.0004151480132775747,0.017173595874666905,0.00922072200094227,0.01751120262315748,-0.039094688382577146,0.05183553648371351,0.0062038095448625746,0.01667595589645256,-0.007415530818208548,0.034791154944816334,-0.043863368086670795,0.06518676067829082,0.07287015347147313,-0.07937597357068625,-0.08187313444924442,-0.025819995643801223,-0.011529733735422331,-0.06931722176502553,-0.0009653289652222904,0.014767765012745793,0.05274379780646368,-0.07337071406977483,
2459147.2362781325,0.9996382884655428,0.0004151427382186474,0.05659289886787148,-0.11602075212852422,0.11238349206705413,-0.022817591570906036,0.07284954760963464,-0.01662230216928162,-0.00690864224728851,0.06399937319096993,0.08620273850307963,-0.02059546695533195,-0.04595750495255731,-0.10319593044279764,-0.11475947740839533,0.027739832559361157,-0.012765124649143358,-0.06778891231927373,0.005322092372497114,-0.05434534594636223,-0.1178996881556918,0.03304055840255543,-0.06439527013117549,
2459147.2369728875,1.0002435020493274,0.0004152875834884751,0.033860503800535915,-0.04746114809682812,-0.03305297641411763,-0.030804350508479385,0.052647582372843726,-0.10758268683326329,0.042906688425150045,-0.09500996824643623,-0.048989044809505375,-0.08695730822702066,0.1149973423041395,-0.0074052770735324935,-0.13253611106726867,0.007293182303366623,0.03167138123611071,-0.06891594360013006,0.03287303967415378,0.00649071005757684,-0.06715095740288837,0.061959454654036336,-0.07578551851981717,
2459147.2376676416,1.0000841960457616,0.0004152545744269388,0.035719271905511704,0.108838340337637,-0.05549363019441508,-0.010856103337802292,0.02471850658680268,0.01975074540536701,0.034216958074343794,-0.004013103313735548,0.0035379259622665047,0.010725107401370736,0.01784225087140658,-0.0326551701309836,-0.05376699357364484,-0.025408967514677264,0.04163630621816404,-0.08890851109310967,0.011595059221753412,-0.10846875259736959,0.011525148904889784,-0.04148650849718531,-0.07151923343308164,
2459147.2383623966,1.0002375310400133,0.0004152829413546958,0.031937791131918525,-0.06722184796950571,-0.030065813712162368,-0.009058002729004247,-0.05812130532565866,-0.07651279895732502,0.06230729655608525,-0.064451531682137,0.07170768735890931,0.06153564620073699,0.08463600662429877,-0.08822666513467683,-0.04807454027707163,-0.10712586847103339,0.031989233183563094,-0.08247770553514162,-0.07792172189112595,0.06954987002864799,-0.13719535609703445,-0.045426044586973205,-0.07039744011573848,
2459147.23905714,0.9997442128956412,0.00041518872174689487,0.025530725634494576,-0.03695051219132601,-0.08896243905804102,-0.10827569494525423,-0.0031582328746502654,0.053305818398370335,0.10237320228259258,-0.05246287164655488,0.0627771487216379,0.17351802404796196,-0.08907379107075172,-0.061379879602747676,0.10226328866748106,-0.09480707534588739,-0.008623715514477737,-0.01765853021425698,0.08004328529173535,-0.08629108602914136,-0.014242153602743871,0.09786816066950645,-0.07862761116930775,
2459147.2397518945,0.9995924678569148,0.0004151792426102182,0.07647854990745206,-0.011314344855559407,-0.08499999948405819,0.009408034910598401,0.021282984252934137,0.03723097827490692,0.08579097401810129,-0.0320464203146579,-0.12709434453192375,0.10015840315848605,-0.04783814757946622,0.014769231363382472,-0.02753153627199299,-0.10601067696503781,-0.1370810545850503,-0.02246828167110598,0.019000060839984192,-0.0733849370898114,0.005141160161123135,0.018767713747313144,-0.07401384509117231,
2459147.240446649,0.9990801869631424,0.0004151151600298644,-0.0011931298594283423,0.010807853764963975,-0.038963113052569394,-0.07341674172501393,0.031002787286576804,0.04736470199689109,-0.017905608337181217,-0.08029454327364154,0.06413740540796417,-0.043128697465679086,-0.0796196069550553,0.05059272118618651,0.05802350158343871,0.14392730549378768,-0.08621254726319984,0.026195570069756764,0.04678726018389484,-0.043771359378202195,-0.057961774788542524,0.15489783031804275,-0.07746836961587016,
2459147.241141404,0.9995282430337847,0.00041520800770127394,-0.047336889270613046,-0.143111198696479,0.049555541273540914,-0.039196165780736474,-0.02088235450533525,-0.0020975112468704705,-0.006293789227995338,-0.04187935707900572,-0.06103271798602106,0.020977980960602747,0.1039727686542287,0.05557392608978914,-0.09995035294795894,0.08652897498167074,-0.046714086022407356,-0.11652981400801653,-0.004931161301859716,-0.08295920909335458,-0.08992157950045794,0.12185723456748755,-0.07181633126663495,
2459147.2418361586,1.0000183833653846,0.0004152880715995986,-0.012216822061773849,0.013002740368113332,0.06685509835775276,-0.12411662849974173,0.09013976762267675,0.08117678528373255,-0.10284398717370924,-0.07713820447093506,0.02142304722869357,0.044591233029828065,0.13071902967095428,0.05065352396819234,0.0491535102810822,0.09826954460914619,-0.09672819632087791,0.03977524884555092,-0.017704539234991004,-0.07416725446953304,0.02303164511186356,0.17122017338298504,-0.07347766617010988,
2459147.2425309015,1.0014682053670911,0.0004155747145472827,-0.013511767829585476,-0.05507138542317474,0.02729346623887897,0.07107134240987975,0.04328481238366011,-0.07841018626431867,-0.050537828504072096,-0.2332164556067977,-0.12807508208545748,0.03714784200625912,0.0045688315393774565,-0.0639958878006448,-0.09782109192621234,0.08682995571613743,0.15265464475943444,0.11077728040002174,-0.045816296464950675,-0.12048390154987851,-0.1645180274812366,-0.007708824602858175,-0.06424298836591381,
2459147.243225656,0.9998500952776399,0.0004152378975380708,-0.02665841117471384,0.060567301538878814,0.0803779782867731,0.02955567748143314,0.11307858906887631,0.1741429815925653,0.0360214975597135,0.0640978340912088,-0.03231661982465271,0.10960786558872672,0.034739840004675025,-0.04040449791586027,-0.015114577023665116,-0.07338662217322246,0.07779172779473494,0.17737754653389423,-0.00015485911086418527,-0.14552432440152438,-0.024593784856227142,-0.028032348899051148,-0.0747900752374614,
2459147.243920411,1.0000141537471483,0.0004152656860725172,0.15500325409748653,0.0049645679551798185,-0.13962098420730604,0.01232597176761214,0.03999793348465099,0.017528418575310917,-0.04775342394130543,0.06433957783782213,-0.008506651773962481,0.08395102201756645,0.02356926524521277,0.044401215307874255,0.009573857662054692,-0.1635404020152302,-0.02453172117860173,0.0021826769774575096,0.05622940920551821,-0.021458184853876763,-0.13956131732595756,-0.13775785801429927,-0.06204699283433597,
2459147.2446151655,1.0000255126623434,0.00041561797864279366,0.028952617654807562,0.1490938452097625,-0.05330021582303175,-0.049938517241387204,0.04516872801376065,-0.005518578677755856,-0.09215722174202402,0.014601336184465567,-0.0402406280411345,0.0683809990183249,-0.04187036533361936,-0.05632200981196257,0.06340151654803967,-0.037476827976930846,-0.1862623489522706,0.05351536606853542,-0.08881863643752096,-0.014242798238399395,-0.07695574607921069,-0.12226607031050432,-0.06757111680165219,
2459147.24530992,0.9999318597901657,0.00041533309786548887,-0.12166785576943594,-0.011028183548893315,0.08627019504457371,-0.0031387145878056036,-0.044046531932269734,0.10523201373156385,-0.03886295521289461,0.004369064366234771,0.08767598548417364,-0.12581641759970608,-0.07415907332808823,-0.036290380335969284,0.24109443741721984,-0.10023035906229627,0.035914598544729226,0.004814903597466669,0.13128297644224024,-0.1466596396120024,-0.24559006636517425,-0.013035824975091702,-0.06767839415887837,
2459147.2460046634,1.000014249290069,0.0004152768800491371,0.07505093257471593,0.04972592127385465,-0.04954657034041763,0.03662019655464704,-0.02351309109127777,0.012548948138034489,-0.07580555829754794,-0.06604995309529811,-0.023987192475383303,-0.08919920730523027,-0.12705067032248737,0.12599757189807648,-0.09113052341894824,-0.12559621709375018,-0.028842031060354094,-0.02881843216457586,0.06064927881437336,0.11339072234245137,-0.07816681029921403,-0.02149444951491955,-0.0696201964299021,
2459147.2466994184,0.9995560203373559,0.000415182104798253,-0.03945290864877719,0.026701966307361914,0.006861255036473333,0.021097296958898257,-0.025752809729816428,0.03618453146331185,-0.06699902799827633,0.0845253887623102,0.1109281737054365,0.034193134127928675,0.0052854408291834725,0.04758392057724377,-0.03833023754878409,-0.005821377054387636,-0.008399619020092392,0.022467676285187067,-0.136791577453373,-0.030522395407401787,-0.04891794294212133,0.07716835256669076,-0.0718943017801904,
2459147.2473941725,0.9999570984842661,0.0004152942655874667,0.004012120051478436,0.057179633683720275,0.010840276321094711,-0.06037963619661972,-0.05787725398786795,-0.052445730452140266,-0.12169641411427334,0.004722353806857248,0.021369462837364874,0.030558339897147627,-0.026610723260761766,-0.06148027068031393,0.017847737616284057,0.028559444279231787,0.06591024222358856,-0.14115003992619768,-0.021067298639861867,0.0552224172738308,-0.058136956774633465,0.057418272347481245,-0.06958825568336635,
2459147.2480889275,0.999977140948852,0.0004152661723877037,0.029341636313260012,-0.026061841771374487,-0.06833882707282514,0.05355251592562415,-0.11995010622036582,-0.13933520340549527,-0.01428394391569833,0.18457120649134334,0.05012570010201809,0.1339861613870565,0.059071970743354844,0.09393772430375705,-0.004660800204924485,0.05917698017480006,0.05580407140282891,0.02241732590450969,-0.09847732148938824,-0.02871686699607331,0.040503854945932914,0.10809636116642209,-0.07582037529941929,
2459147.248783682,0.9997782404381803,0.0004152214717469449,0.07044270302393829,0.05573186669376183,0.02536166751874127,-0.09676316451708426,-0.05153096055030278,-0.06438267366486408,-0.08218612656933459,0.08110906902087528,0.029849953942119173,-0.001277884674104249,0.03382043083315532,-0.09031057065108625,-0.024224026214676862,0.07732291508742167,0.06537756630622465,-0.048383561281559115,-0.056798355174607885,0.022161552078201658,-0.02087033980210846,0.0153747067198312,-0.06983402835805848,
2459147.2494784254,0.9994831345737236,0.0004151603457484662,-0.05787087073826961,-0.017397712568320442,0.06510694722252981,-0.18459274997731678,-0.02911080374192127,0.01662579383095713,0.03244599796038793,0.012939471473708476,-0.01592777616385975,0.019073641344601936,-0.03815641996706029,-0.013813049130643492,-0.02835796675628502,-0.08698688875800337,0.03588845234925128,0.010748431749629849,0.0032546658552514668,0.0909766566080411,-0.075271516686483,0.05993180432648632,-0.07270793197181041,
2459147.250173191,0.9993413900309026,0.0004151629624351273,-0.008031853125138055,0.059477364195474905,0.14269312012016122,0.0018702323998961183,-0.005155436202532818,0.013424923828961714,-0.13540191433053345,-0.11310829008190583,-0.11693162779321861,0.1353483006654241,-0.019290646519740273,-0.10476678355921452,0.0831527720527291,0.04128072545409723,-0.05141787084124669,0.011988442088347104,0.07927501098352348,0.08084797412727403,-0.07159740078020992,-0.025151047092481494,-0.0652998855791589,
2459147.250867935,0.9993494710844898,0.0004151822752515761,0.04643339155348872,0.015285891463174422,0.09181484944536142,-0.15024313199873623,-0.01244489026765131,-0.05610437152396494,0.03005419774815431,-0.11992750834428549,-0.047986603386984995,0.054488851015386974,0.03269662942509508,-0.11913465900452207,0.05653458717168558,-0.00755584432646316,-0.029776149322022195,0.1133288699805233,-0.15345735990915849,-0.0239453004783566,0.05335318005779697,0.011787986213843877,-0.07439475028158718,
2459147.2515627006,0.9995886590863107,0.0004152288430447195,0.037723181329578595,0.035735321236840784,0.06495104913003186,-0.026954481334436262,-0.007028861816270684,-0.05900485807983909,-0.02298663462750407,-0.04531262480869621,0.03370859944058055,0.027584440716737872,-0.06685810327587173,-0.03470926685256425,0.06584201789538258,-0.04280805849066815,0.051673859532053605,0.11258201381841731,-0.017425859195132013,0.00817831755923413,-0.020107828178869174,0.05038334945858342,-0.07038060889610182,
2459147.2522574556,0.9984287679844702,0.00041496575270471415,0.026061375937906996,0.026968021110677014,-0.02069268554147674,-0.027720674362213094,-0.1433566809392055,-0.08413366160070866,0.03507425416804088,-0.070337047845865,0.07211773291024826,0.17057228566273797,-0.026382218948120654,0.07366984962045169,-0.039719999591742126,0.03154836066999753,0.03461845601262478,0.1414925952102372,0.07429648471268806,-0.043999804542193884,0.029362562735618925,-0.032766550617345534,-0.07487366187719084,
2459147.2529521985,0.9990884123068391,0.00041517248238390864,0.11928192451911579,-0.0004962478766072456,0.016453105880003302,0.022176634146529532,-0.10307753707360134,0.01098033097647945,-0.013963466520963743,-0.09343537221939166,-0.062320835106322026,-0.10735396585148183,-0.12491746637096944,-0.02134034116981424,4.033427245452774e-05,-0.03673097549583111,0.07144366290143603,0.05061732909609591,-0.0026515008896221158,-0.04991362184142849,-0.002424294692566183,0.0012337401348216674,-0.07490733043909038,
2459147.2536469535,1.0001288627066471,0.000415372230377014,0.038994187169892856,-0.052288052482222604,0.09620304905810971,0.05878043026049312,-0.028357719352983837,0.07274437235027015,0.024406530018707517,0.02946459632723455,-0.08931555015572998,-0.07464650562537033,-0.06745780287872306,0.06221976893775166,0.034615448902036654,0.007429002315556801,-0.051717192106509685,0.05618075485237441,-0.08635017181171033,0.07076084789503506,0.016483752535941813,0.029522736093442695,-0.07328337544960686,
2459147.2543417076,0.9999072069023928,0.00041539821985634513,0.12081598450822582,0.025160845172264808,0.013555779625441139,0.040597075335320386,-0.01945348259162106,-0.006951189398979919,0.009906467566418288,-0.027747657676117768,-0.00856347688886958,-0.004536639605053763,-0.07013613999811638,0.10419288255105523,-0.11430955461672708,-0.00717976505580594,-0.12301960399243951,0.04375103024145517,-0.0493441730585175,-0.009034635682478002,0.06938230109715114,-0.08116336462539532,-0.07170426146913067,
2459147.2550364626,0.9998337540687435,0.00041534283892794753,-0.024351453319555322,0.012362687182492713,0.11161536053828827,0.13803997098888504,-0.18415178369330432,0.07293259599813696,0.013490697874514776,-0.05514196491711094,-0.08575896937464308,-0.042629431732421945,-0.009691562407603873,0.04131065208471132,0.021369555027611464,0.06732218722154193,0.10508916930412307,-0.05022316481448438,0.13644859985494,-0.01992240214860761,0.05818497581719658,-0.0021213602019721856,-0.07381785330581206,
2459147.255731217,0.9995489237930321,0.00041527752411412393,0.046429899363406274,-0.07806605283437089,0.1096826967504654,0.05211026480736164,-0.0021809532924603964,0.06131576280833434,-0.06749807474105182,-0.09973701994902245,0.12373748068648029,0.044845540573022674,0.02537008385564085,0.03154109555793834,0.017156835731160065,-0.020148823817457,-0.051391287119660775,-0.06596711260887085,0.0058824168968690145,-0.06494756599593773,0.054979829978339126,-0.0055681205119852105,-0.07232657702536077,
2459147.256425972,0.9994191946171855,0.00041522033003081604,0.20908767007315718,-0.06258041861015354,0.1107831113237719,0.045016158342298565,0.008906571138896683,0.03839890393266677,-0.03870984949757768,0.02582026271426455,-0.018195109532066867,0.038458516717305664,0.018187842852417112,0.014892249009553207,0.006570551510545327,0.060079504411632276,-0.05979123802159173,-0.08781316092127629,0.0650218331639694,-0.01006833854664758,0.07026967261414833,-0.0870556465759019,-0.07247801445001317,
2459147.257120715,0.9997603787626685,0.00041528625716765177,-0.06339066515281025,0.035637024929950294,0.20018736753483227,-0.010554873277910508,-0.05838405200459277,-0.00621860279051612,0.010287495824956886,0.03559822653168841,-0.0017231616048363554,-0.07195406928769559,0.06042940537012845,-0.011083203920748803,0.08937306606960427,0.042781444287442995,0.016515968412861983,-0.06393091376692094,0.01245310367001518,0.030121023147328892,0.06355945682248441,-0.045053186378694356,-0.07791529299042406,
2459147.25781547,0.9987917260721177,0.00041511193140918667,0.007033437628975504,-0.008681453597326569,0.06110029815296134,0.0868138940631624,0.014389411910411412,0.04548112113404914,0.08686495491829377,-0.041588903064057166,0.0651642011090468,0.030180987300920607,0.05808051412268426,-0.03872872328948852,0.028823909732135302,-0.20447087545148476,-0.018221312741651237,0.010228820864507564,0.015916261018283116,0.013238861338078644,0.08802025014639478,-0.10184777717847864,-0.0785897866914719,
2459147.2585102245,0.9986143724698027,0.0004151157073748506,-0.017511860991904462,0.12348583310827392,0.06089067753681467,-0.0005466957302132556,-0.05056147129772937,-0.02618319117231394,0.0005555340951521601,0.0707277077826715,-0.020375673847483476,-0.012776233378643302,0.03309580127583428,0.046725667772157496,-0.01749783279846316,0.0006199832170266217,-0.04663885038749744,-0.11979612459701419,-0.043692433080060496,-0.024243435296764218,0.10838182014211316,-0.0843883936710022,-0.07244263800567599,
2459147.259204979,0.9998409682061763,0.0004153284958094962,0.0038675502633096193,0.10052633083850131,0.04956246898207814,-0.007016767816228114,-0.01213004079843727,0.04202922763685922,-0.0006939850971992112,0.06613065970083555,-0.024624026162283985,0.07820364282043693,-0.03612154845571416,0.04184775363259905,0.03845766204292003,-0.03147678372674339,0.05989205049164861,-0.03826104285844877,-0.04662146889998789,-0.05952312746078416,0.05892455012104894,-0.09605584191791686,-0.07256080557370509,
2459147.2946373504,0.9998738843170556,0.0004157019909040141,0.05754137425896118,0.03769576753390325,-0.0050827756682345,0.10467029695312728,-0.0640861352082187,-0.02496760312127927,0.11204620734848673,0.17384718152108025,-0.019959540660538008,-0.002706183183999315,0.0587735796366524,-0.0862936415407219,0.0278093943920496,-0.030585431079812563,-0.048110098866620335,-0.10180464391100923,0.09874329453560698,0.0903103109493187,-0.030561123608442757,0.018166596177918617,-0.07287160741356098,
2459147.295332105,1.0000585319804032,0.00041550470540128873,0.0775611796331106,0.15284656231984792,0.025050330443904083,0.08881099477939562,0.029834837849186224,0.019674852801390735,0.06036079887391071,0.10934873961225015,-0.09664686002284947,0.08171554176761844,-0.02978304887015007,-0.025460047530859002,-0.11168544474938051,0.0478607604141626,-0.091280750011406,-0.07389991131455623,0.023915824519182803,0.06513949426529299,0.031866370149876144,0.040187357000996564,-0.07327983086182203,
2459147.29602686,0.9999642595397344,0.00041542545949006923,0.09584495703815009,0.04992997183690129,0.02644206022969449,0.0040685608947636604,0.07461631368210743,0.02924449307916804,0.08140048673402939,-0.010035566050462597,-0.01826970106796175,0.028031042810911885,-0.09515576539119859,0.08355027405936351,0.13970545669237355,0.10360315848097511,0.0002532254546799027,-0.03711311692987954,0.06697056910761118,0.04615271742586469,0.024175343795585648,0.09688664946161066,-0.07740214892994139,
2459147.296721603,1.0003749975290412,0.0004154154803057012,0.0029910881484817462,0.0522158070776819,0.057374828404948744,0.039346360999527624,-0.06379811110378966,-0.012369252102518026,0.06719603297498623,-0.023889437619117097,0.03307946605291511,-0.0936562882974878,0.014476819884458847,0.019964424627043433,-0.039803585357015565,-0.0034859996352326803,-0.07510391660532466,-0.06589560813115791,0.20241227133055,0.04922861290947079,-0.008182923104619806,0.07816298682844604,-0.07636741724613881,
2459147.297416357,0.9998075181613939,0.00041526445069918884,0.10259148332417228,0.07605948814129333,0.07216649398205773,-0.0034219575776493778,0.07477888054918942,-0.08778444946732017,0.06061441931317823,-0.03402500118222053,-0.06412760975219953,0.0659687526116045,-0.006364977056086594,0.028071465033365408,-0.019229624550497287,-0.028654372366827434,-0.0167103828398612,-0.14803553174195377,-0.02436471384479236,0.10366048916101661,-0.05498623223371661,-0.06798544701053856,-0.07169462925033461,
2459147.298111112,0.9998256726762912,0.0004152455142338765,-0.011168972699544776,0.03670871662024565,-0.01874271346855623,-0.019761734590670522,-0.008367446004500958,-0.13089011161076883,0.13658573705429022,-0.11208836702543276,-0.011029706981971846,0.05588353242956929,-0.020579896935208637,0.1253326464501875,0.021057202431923272,0.016872204668881126,0.05009783482570518,-0.03962976526224422,0.0057846917536821555,-0.011623671193927279,-0.054905937908039125,-0.019161800742228823,-0.07535403570644073,
2459147.2988058664,0.9998724336647231,0.0004152370094677776,-0.0056138337373164045,0.04177762450829325,0.0940852173298038,0.05735291734462249,0.10601556814846909,0.01814517273681406,0.13474542785497515,0.1013439073841675,0.0770649353770699,0.06797021031196304,-0.0743600068323775,0.009611109805292485,0.1352609934992624,0.06605838811256859,0.07368754141126775,0.042430403179379565,-0.11909941584389479,0.025545680897700495,-0.021469978795720154,0.001828523372355491,-0.07490637432359266,
2459147.2995006214,1.0001336895940283,0.0004152526687180329,-0.007150515341406897,0.002967029415991978,-0.015551437797027808,0.04076632961229561,0.05269241223604531,-0.021150100037369033,0.132375646756727,-0.030945532744272322,0.07887298922566204,0.08045431578486985,0.08165246136001983,0.05349807564665957,0.054315069390924585,-0.003896239795926677,-0.11760662994147128,0.03641488927907584,-0.10280745098464963,0.059005758708613645,-0.05110708678112112,-0.005226232295264721,-0.0721729813281822,
2459147.3001953643,0.9988405263948519,0.0004150320961827783,0.07618136908781724,0.12246196319255401,-0.04881162261391631,-0.025765060642649624,0.05989741259897076,-0.06558488985394605,0.022563232864440026,0.04510771331726723,-0.048429541273726284,-0.03309565044025411,0.006400537454185517,0.04646645077466325,0.04096611467371836,-0.0623633871045102,0.08205974603723246,-0.005935273263999665,-0.03754357924320266,0.04092369017017984,-0.03097770524920846,0.01913686659175495,-0.07076397131257486,
2459147.3008901183,1.0004016642030933,0.0004153129239602295,0.09333788116892196,0.16141734632492738,0.03299476691428815,0.011807680651409096,0.029256382261878256,-0.050309140656695825,0.0004370757107135514,-0.059457599342056924,-0.049326344746496414,-0.10959787150869772,0.056381501639660554,0.02058564372577827,-0.10522591960105993,-0.1137879538187526,0.11075231811580266,0.06510483907203696,-0.04149441381144366,-0.08131251702645081,0.07577779663297347,0.02312619393032111,-0.0721287707847627,
2459147.301584874,0.9996972519832427,0.00041518130336857064,0.04038269205980897,0.06579059352882569,0.019291317331942327,0.11648742577691036,-0.15899392103724902,0.0038995518471218976,0.12393633229311006,-0.03245438808846679,0.0061487064341906586,-0.12160420841641131,-0.016748648986378373,0.04779009457666424,0.07439492633558584,-0.16031589153821327,0.04472045770932767,-0.008370721679958672,0.09046280290479256,-0.1041660653417978,0.013597366015734351,0.07214754713486798,-0.07732219741202437,
2459147.302279628,1.000575231148289,0.00041532990098187264,-0.08216927287872533,0.1413898010039818,0.03473787837501583,0.05997080545357745,-0.03195226591510673,-0.1602749934527582,-0.062373342382119626,0.038062293934571355,-0.06416045752119534,0.03589375598848111,-0.05554390536437488,0.06757328283827942,0.0524338431797718,-0.1642807512298251,-0.06672971383304234,-0.06739589645128252,0.06877075789286026,-0.11168785026040325,-0.027557511217468418,0.022888847848691257,-0.07241169487642964,
2459147.302974383,0.9998790800514065,0.00041520326982172226,0.06410932771947449,0.030260767438684312,0.008912486224620948,0.18880767053732928,-0.006282447667062063,0.053828447632656706,0.07949664363760829,0.02736530741089993,-0.08679510986959017,-0.059348486174359026,0.09595975418930627,-0.007155913144134408,-0.06675763258290489,-0.10013688595443088,-0.1235335397831352,0.05356236694975412,-0.12308834099692288,0.01591187967860889,-0.0005767704578915343,0.04629709461284819,-0.07444934853840096,
2459147.303669126,1.0003753786686802,0.00041530159953408625,-0.07861321887583549,0.028957884414358478,-0.013138769190930938,0.08372122651072389,-0.08401340459917918,-0.12981359226169367,0.05070595533420335,-0.1553788820135133,0.009629366825352276,0.037127902791168337,-0.027123952318715377,0.04662609752592831,0.002413905021760204,0.01876002862780081,-0.09780662294928381,0.019234206580644723,0.011598372465500134,-0.02071515883968862,-0.055671237878597124,0.0807520719971619,-0.07495105194413305,
2459147.3043638803,0.9999990584717431,0.00041525193600490927,0.01179776101022687,0.006806958473004942,0.019186983725975024,0.07383191911533517,0.01290640513644131,0.008492194996456048,0.03463411226857315,-0.056133535048948566,0.08005140236859877,-0.06462130543905711,-0.11842749273325288,0.0018357361180291218,-0.1161265182074611,-0.008860174998839085,0.0018701672309098482,-0.0038981920524660267,-0.0025500374010408782,-0.0829488080719634,-0.020374882685795938,0.1317759038952417,-0.07591169839505843,
2459147.305058635,1.0007751147635837,0.00041539869701137693,-0.058982569972419956,-0.1202929658939233,0.10510907792344054,0.09742458518608929,0.030405175449860777,-0.09688391782972545,-0.001412213149149639,0.20337308189729386,0.1610426502438459,0.06684430330932824,-0.04676913940637391,0.03914187856692087,-0.0649648419719279,-0.05987215885208638,0.05827623301507303,0.003797265924359224,-0.11889321461308516,-0.07451279327337312,-0.17661797299943333,0.04263619251409948,-0.06529419443604839,
2459147.3057533894,1.0009329835663126,0.0004154393773248366,0.01208317279609527,0.03960716135547878,-0.039935340388740685,0.05213250366149292,0.04488944046657583,-0.09373869289636762,0.04453607522245217,0.09530252249052473,-0.0015284958938040147,0.06453080423640904,0.09931100688891928,0.058422037460778405,0.032223642318324135,0.11518402429793054,0.082891950865371,-0.003968483752371659,-0.013166874416255638,-0.13689307952982543,0.009491269908131757,0.07191333800683844,-0.0751400251037879,
2459147.306448144,0.9997679644555945,0.00041519471299474785,0.008874401032778517,0.059690429450706066,-0.14502515524585372,-0.061872637502272655,-0.056468389856843874,-0.038111570045892045,0.07627097724722233,-0.08352895014440705,-0.014060738754036885,0.012895096583082213,0.03875476333743854,0.04650479361349117,0.0022865726389157295,0.004686656887897236,-0.05444693273825896,0.013633840464316649,-0.05327533071162371,-0.03275472676721186,-0.04304088223004889,0.013138459488431752,-0.07052467312618191,
2459147.307142899,1.0005466378097925,0.0004153519084927049,-0.02370422675400847,-0.026145541715557982,-0.041061032556348506,0.008047534163417858,-0.08131920056739607,0.08600619261927854,0.09921339490294452,0.05142837796935234,0.14080370434324516,0.04553732867035479,0.08706140430192143,-0.16343386539978066,0.10237442060467306,-0.03014775146070791,0.05553974145435952,-0.053513752221889976,-0.09199828061888887,-0.13121875424141866,-0.07524758783813192,0.006985242012443954,-0.07154699140267562,
2459147.307837642,0.9995097835506382,0.00041514841764928045,0.025489188629516022,-0.03760096922599336,-0.08504695755872299,0.060782757453724266,-0.16327071617730068,0.09960130655855556,0.1014667641698388,-0.0439034022290288,0.0025517063228715723,0.08586021122459098,0.09402665678351985,-0.13601797447100694,-0.06149476077473581,-0.15082571304608205,-0.001933242697208854,-0.09024868761137139,0.0285229207935792,0.07049752554182838,0.010768933790654474,0.1448705893995477,-0.0751049541323962,
2459147.308532397,1.0006036613528333,0.00041537368520641854,0.08880012912246234,-0.01712124837295617,-0.06958447887996923,-0.017346323669768064,0.063849519295896,-0.19692198070923717,0.10721422612398292,-0.10606813193673709,-0.10985134930399947,0.032165628364311506,0.0784488115736833,-0.02475887419027847,0.1424896209483061,-0.014294199310168882,-0.020103129089069107,-0.07482903500414795,-0.009827051741548323,0.014435408915030557,-0.031548692933928424,-0.018024216676060197,-0.07417305489623983,
2459147.3092271513,1.0005466677396808,0.0004153923931037398,0.03837221272909035,0.05606701180816002,-0.030956845692655034,-0.025108596534288378,-0.008232308784773417,0.15553903010185272,-0.06363310083160777,0.016290173167578643,-0.025165246928562018,-0.03845433324010167,0.05974353518761549,0.08454970364875339,0.010888074734999878,0.01685919261766108,0.03849535790431898,-0.10047010834395369,-0.11041600387890485,-0.009347460369561092,0.005115102804099425,0.14448721873821418,-0.07432886982297275,
2459147.3099219054,0.9994521731696672,0.0004151733307668795,-0.04515373723759533,-0.030730462347458225,0.0853643363622025,-0.06771311885374624,-0.04270406182373727,0.16388402394820736,-0.05750968725853348,0.03376699269341106,-0.026716084739455113,0.018254924359733096,0.14542204789779178,0.16802201400916603,-0.00719404193689537,-0.04523164846187948,0.03230238377352732,-0.08995096572100167,-0.0002587471613603786,0.02730068265897391,-0.060255363268008115,0.12945075471639814,-0.07131458643976404,
2459147.3106166604,1.000057133075928,0.00041523558728801717,0.038492423721763036,0.09488011253471547,0.023518629729117675,0.08986843905917118,-0.013094365988176817,0.05401273412223144,-0.1389001974707805,-0.04180256762876451,0.021213713597155664,-0.030249142223939835,-0.02309986980008061,-0.15049515956206808,-0.021019210136451433,-0.09170406123636089,-0.01311167685603458,-0.06441713360332636,0.0015955707348481207,-0.014776526586311912,0.008400903776223758,0.11653644075117131,-0.07296026034635639,
2459147.3113114033,0.9994824375043965,0.00041518729975404,0.0318666612806752,-0.009520782586579582,0.09169718776415801,-0.02839425320478691,0.05085757253068986,-0.08513575638964853,-0.06454912784289435,-0.0561546676846642,-0.17956414267761076,-0.1461177806045409,0.0033894858043519013,-0.041053048670329294,-0.05097642736890433,-0.11786240385094102,-0.056133583336148415,-0.05356494817251179,0.009237883368255725,0.019679117165091454,-0.12846638485166814,-0.055263176474566716,-0.06541689290873585,
2459147.312006158,0.9991716945529452,0.0004151118593430879,0.06725227549809663,0.012290070036053908,-0.00032837839196353833,-0.03879492064117738,0.05064756179124699,-0.02382805338028248,0.07614452002633547,0.054522987618487576,-0.08639400953707965,0.0471265742398291,-0.0004598204371527052,-0.07212320196127144,-0.03161765365950526,-0.023844563921129176,-0.02945472121075625,-0.0015675063956031062,0.056333854454371037,-0.05286946056711504,-0.1017733386663125,-0.06182861042021007,-0.07318536576039775,
2459147.3127009124,0.9988324033835816,0.00041502297573273574,0.1913141382822186,0.08340505870607513,-0.12793456468153902,0.042250552836889714,0.08841438830844615,0.13134647644609163,-0.06490055853463232,0.011211190124256167,0.14096263620438426,-0.10861643856555858,-0.1145165122078873,0.060201973874572864,0.06756655611440955,0.11938951888118546,-0.04716054728926201,-0.011788591980626381,0.029654558456373024,-0.012706184287659869,-0.17829535814749078,-0.2203315263418967,-0.06174853588858688,
2459147.3133956674,0.9997813218307195,0.00041524102951836204,-0.06253726227521968,0.07197032355600122,-0.025573944753669746,-0.06136103624628428,-0.026451465251461977,-0.02304830832366304,0.0001660157949185899,-0.004871655926645256,-0.012946607486444727,0.0755649877508044,-0.0240017317909631,-0.02229925724307855,-0.1442034043376785,0.04230092408574955,-0.06089476485015518,0.030226649527130018,-0.013994230613677239,-0.03897787875004149,-0.151095857618172,-0.0505951176016651,-0.0715717665953589,
2459147.314785165,0.9993386123434939,0.0004151337102570352,0.10229147216417271,0.04327317665432019,-0.05487902769604134,0.08619387597199274,0.02267063838170798,0.007955367672129348,-0.07545102853398837,0.0049918906133553705,-0.053623002890892835,0.003886888295236862,-0.0938636529840596,0.09259060425519643,0.019800918132003836,0.10037955843839776,-0.039380278038585494,0.03779300664804401,-0.03566967212688472,-0.05507734651603506,-0.09518661578061993,-0.035927009402672606,-0.0713886914812882,
2459147.3154799193,0.9999710133457131,0.0004152722539810031,-0.006972744096258058,0.0004857862031141142,0.046824140090647816,-0.045819242879848704,-0.04435213173159025,-0.013313297063533987,-0.06343429801880027,0.033205055319498876,-0.07067398829625815,-0.08259420389386814,-0.009545708907949693,0.058194913301790156,0.056263832741968424,0.027184456151575918,0.07756337075912208,-0.04208289615758654,0.006853585204224994,0.04278755907279272,-0.11679386345174439,0.018100051133937766,-0.06949499404493673,
2459147.3161746743,0.9997087553912855,0.00041524779124681887,0.05942113297091895,0.08379267344489857,-0.09078295870155466,0.040874846863742216,-0.08323004604631991,-0.048799756484589084,-0.08014109779497164,0.010181167384369897,0.12337169180787823,-0.049677649317459764,-0.037073343127772676,0.003177560045070794,-0.06653504517205899,0.10600972492123942,0.0625186389111645,-0.15438208207630985,-0.08540567963490008,-0.08926636213782702,-0.03942525006881826,-0.018096884380901592,-0.07285915383751293,
2459147.316869429,1.0003004823075101,0.00041532748324498515,0.023040998567471688,0.0585026213905647,-0.04544043240867786,0.016274622143687224,-0.01708196034264612,-0.0008068587855406565,-0.03694584649297611,-0.09159702005531,-0.051395594237067535,-0.016054793659432288,-0.07438135079278925,0.02383875258212121,0.11176498052921219,-0.029384005352872774,0.04733026757559752,-0.013227786143267342,-0.1262924312870412,-0.06253682063671752,-0.0022026500468655843,0.05264322190229721,-0.07372781664644083,
2459147.317564183,0.9995630465543086,0.0004151890784537237,0.10013842053588728,-0.0013796145839419334,-0.04784080819273567,0.036879774197221944,-0.06924486326297297,0.09863610670911203,-0.031396033926743505,-0.005193740622709969,0.05309696979244116,0.026908054087170057,0.059507387669160625,0.01921986337027634,-0.008030524753304968,-0.006676472233943395,0.04458298031324281,-0.02646742909003016,0.029171278915463728,0.14365361390037354,-0.056269602610926034,0.08887072637833819,-0.06983515852537543,
2459147.3182589267,1.0000972296447106,0.0004152711756453337,0.0034963188297378565,-0.015241990725191371,0.11351043129250751,0.04001778876776153,-0.13133114440323415,-0.07835174511957965,-0.035545126424447224,0.06460848064510713,0.03613209158064669,0.011221444414680374,0.0168837645168526,-0.08263995462123691,-0.02934150399762328,0.03286198804857778,-0.1250422392913176,-0.16455251506391214,-0.06453598746267485,-0.026656323732839625,-0.06640928442748237,0.005955849563146452,-0.07092230069052978,
2459147.318953681,1.0001745526156098,0.00041532182122084704,0.017910410135978265,0.12661338237538663,0.06867808240299782,0.008814375620901503,-0.1522743489603413,0.04799111383485468,-0.053520176182498054,0.1111758934695352,-0.011449906733174246,0.044182468965678054,-0.14253359362718934,-0.026922611492445157,0.053351617732818706,0.06166169558599702,-0.02194190652493277,0.09795352603444003,-0.07539652724695828,0.023529376776896156,-0.020368129447427524,0.0222073175886019,-0.06724594430157353,
2459147.3196484353,0.9997095206332527,0.00041524053720668754,0.06082602757633247,-0.009700965506065792,0.12798877297925254,-0.0038105645437616783,-0.09601243310177691,-0.040286257827494364,0.07112140425882661,0.07768505556679164,-0.048035612406451586,0.26417554620104355,-0.048389174918257415,0.03491272225783571,0.006653006372741317,0.07677007734278281,0.012382551816235866,0.046573879559999525,-0.048771455391287834,0.158841926675825,0.0012138829754960296,0.024943142507407843,-0.0747514481275858,
2459147.3203431903,0.9995100439151212,0.00041521423500161974,0.01546751188090342,0.0299187569576219,0.07664113751495921,-0.01723642227193251,-0.18555171802096773,-0.04101812917180603,0.0047532868456888365,-0.08640625279555805,-0.004023217545818372,0.015719905228246917,-0.08843119682782564,0.05926561827826669,-0.11631715008217501,-0.11030928636955072,0.08660731309828608,0.03027881237076444,-0.19388406053603588,0.05538226433208947,0.0105217078081268,0.004617151043181846,-0.0744210588574616,
2459147.321037945,0.9992625014775024,0.0004151649312159994,0.07764252776211654,0.015508382417156638,-0.0677914517402885,0.13182785977800757,-0.213288264784683,-0.042167735039418446,0.07746120238328168,-0.012257084118978684,0.05471060487315796,-0.010403733162363987,-0.07119163965550739,0.17951423460689706,-0.02092361671569659,0.05957711079379456,-0.03031691328527798,0.07042192849257073,-0.12745138160298508,-0.023186055921770532,0.04324092142196426,-0.04327000425532728,-0.07509065031333505,
2459147.321732699,1.0005808523799582,0.0004154192248468863,0.19119216269647069,-0.11133189320064468,0.07001922355643626,0.003083180156682816,-0.08105293940995122,0.04197027665397633,0.000251706223276858,-0.06763700924554317,0.10986541549951341,-0.03950578352408558,0.04226451863159066,-0.014311232374126475,0.03386725512519586,0.05413028424775227,-0.15432764584894498,0.010356839854460037,0.03504417509749316,0.0138506088686243,-0.042058927467352736,-0.0081051531767715,-0.07118930012765566,
2459147.3224274423,0.9998191157832392,0.0004153115800937534,0.01968166863657411,-0.029021330014219127,0.16396059969097757,-0.05741796726544953,-0.052125697504434215,0.06048398924746229,0.07141729711413797,0.0802840398806195,0.08489541366200179,-0.08181457906157175,0.12046178898100024,0.004511268069936855,-0.0445757478496002,0.03045028788451845,-0.11365978397326018,0.0581919589327065,-0.03362113011454934,0.004565485138995265,0.017225460045324183,-0.017958699330114652,-0.07076561849457512,
2459147.3231221973,1.0000192144239057,0.00041537629190541847,0.0414651304815085,0.018839660890573925,0.014286091205199128,-0.04302244610938239,-0.08610524255223374,0.09770128726846754,0.04552244115298314,0.05156073372188436,6.903258169803708e-05,0.02364697758387873,-0.011638799921247554,0.16505859384085125,-0.11880829879877301,0.0883417564137486,-0.0275405233919833,0.09858017950716697,-0.007090232077372364,-0.003933120435200467,-0.028723059258113078,-0.008877516813635893,-0.07127198964420597,
2459147.3238169514,0.9995772290573866,0.00041527229860666636,-0.06522242273818218,0.0617398529452683,0.09773611621089216,-0.0388353491531811,-0.0594108672520738,-0.06148016101272257,-0.031178663625572773,-0.16668421246232987,0.11205798238848519,-0.09067323348328689,-0.09769058131742801,0.09361355539779441,0.07020896960441804,0.10940366982752837,-0.05281809470309358,0.012080266102544243,-0.0052851553878947985,-0.021043550105290423,0.01726766119598825,0.010314473714424456,-0.07468411383683886,
2459147.3245117064,0.9992532982290234,0.000415256916567399,0.009045418608935448,-0.05435484067209213,0.15005112814745455,0.058498373014945496,-0.05341239908735272,0.09968250705536433,-0.04783872159406475,-0.029495497792819302,-0.01778653414323164,-0.00026897451550756193,0.17147133507644455,0.15634677917078166,0.15205849917576533,0.019597025702176647,0.05673917608856578,-0.043871180386552515,0.04278430102934834,0.04373939372590665,-0.010861837888889399,-0.02238765466323658,-0.07469910621083072,
2459147.325206461,0.9999794268800737,0.0004153568937467691,0.10026262954263639,-0.015444244445192051,0.15586734164260105,-0.002404802191580326,0.00849378296360999,0.17086082918092782,-0.03268132036240187,0.027057140723030972,0.04661990055046815,0.02897579104896986,0.11313788993084285,0.03692042883150035,0.051010951009303515,-0.037386470065868704,-0.04679650302053842,-0.04100492265125415,0.13173940565675124,-0.12046954870761868,0.05903606598666534,-0.01616911169439039,-0.07571875423715732,
