BJD,Flux,Flux_err,theta0,theta1,theta2,theta3,theta4,theta5,theta6,theta7,theta8,theta9,theta10,theta11,
2459178.754162209,1.0001480651507542,0.00041561918330570427,0.1870073345548318,-0.08951263399891389,-0.03303333314476943,-0.07739612362952118,-0.20536160451431354,-0.18317788994329384,0.00902301183368228,-0.07427748792937205,0.037890856767028545,-0.007940495919135666,0.08612134902933817,0.020018443138847517,
2459178.7548569366,0.9995907584273153,0.00041546059294658326,0.06037309530924395,-0.09485826833021319,0.05285448776416171,0.012631893963390655,-0.0014493051947252478,-0.125338720289694,-0.0037081856241623712,-0.06950734469064745,0.013136170584573163,-0.04847368629047478,-0.021083975300206018,0.049705712632094605,
2459178.755551653,1.0007056998512611,0.0004156166608054804,0.059157201134018234,-0.04234773092389481,0.09075312346327562,-0.0027418909811538425,0.042693136155365734,-0.040166235449532295,0.02859970406011632,-0.06746399000860871,-0.020418141038662522,0.03838114376019607,-0.11400723917550618,0.03929016024547453,
2459178.756246381,0.9999717361424137,0.0004154131998959513,0.0993070832485039,-0.03511896984637454,-0.011445089231082079,-0.04633933876654328,-0.03976534605994578,-0.050997425040300415,0.07576358046022998,-0.07009922581375473,-0.04737806405721702,-0.03265428363516243,-0.014223462069795776,0.007566405245141253,
2459178.756941109,1.000060071796602,0.00041536627799147464,0.002178309799494904,-0.049941781389892054,0.02077549403390312,0.006187940535235867,0.06240643963333596,0.06675972888578985,0.06694400679101813,-0.06757973572619176,0.12588615452010565,-0.19634938904146002,0.06798886410377415,0.012205323597591146,
2459178.7576358365,0.9999165800430572,0.00041531956908955764,0.04818998814093056,0.019814779175665376,0.059519574985944665,0.046464507176154884,0.02694106199735989,0.029011754770638054,0.04648180112151761,-0.06869447464300875,-0.04786318062252063,-0.03614892727137622,0.07811724597488875,-0.057733019156622274,
2459178.758330553,1.000134058067355,0.0004153452629699471,0.07913965997344073,0.0009841066469644666,0.0492966208215454,-0.012951046303819533,0.009851334808455965,-0.009939994506097616,0.07476971672898262,-0.06945410026359,0.1237069111954502,-0.13592273499225174,0.05241493285378555,0.03961505575270301,
2459178.759025281,1.0009441189285297,0.00041548436087649154,0.07310135116337242,-0.10237550492606728,0.07760996908632668,-0.0711947714616955,0.03007857960622186,-0.03445865407590337,0.15923131040733277,-0.06749494773154797,0.055061503076997996,0.02366220576875458,-0.010982922839008646,-0.043080552360992494,
2459178.759720009,1.0005855174027625,0.0004153963956283461,0.08204696194390043,0.07208757874954541,0.08527588734897266,0.15094736935337333,-0.020440403612938335,0.03602337424357019,0.09892366069531904,-0.07076313439370777,-0.0887658039524683,0.12038664857618604,0.17382362154720055,0.01025777333067009,
2459178.760414737,1.0009508186584055,0.0004154758723275218,0.10086858284401606,-0.00890669638039776,-0.10197679242485078,-0.008801158170011009,-0.10705230358545301,0.001474378552780107,0.10721530427268403,-0.07339468841194878,0.014963621762116963,0.0365211153319628,-0.06264869146437668,-0.01780980763352675,
2459178.761109453,1.0001838633590412,0.0004152766128546248,0.08813673434640161,-0.07916863676984921,-0.021926224650048218,0.16823781285790673,-0.03832332414726336,0.026849957439022385,0.03572403730398954,-0.07318087778112851,0.11769733317909055,0.0378760739495196,-0.11604920845056713,0.22911499505108454,
2459178.7618041807,0.9994072889141236,0.00041510472449517936,0.06548076511575184,-0.006739680825429301,-0.1675775226208331,-0.028289727211500415,0.06734488901068388,0.08632969254730094,0.1019494833686625,-0.07417883516211463,-0.014527643798772466,0.03988408951561473,0.07715832258629296,0.10936760112847231,
2459178.762498908,1.000090452064757,0.00041521501848483744,0.034537709572729676,-0.08028705842806876,-0.036471207661038674,0.05895303019036195,-0.059949929188455424,0.03176386359460381,0.09839872430913667,-0.07068346284105174,0.005672334780361235,-0.10573385486152558,0.023454543593666333,0.11548025854763408,
2459178.7631936246,1.0004021963465217,0.0004152938832336582,0.047016306755483926,0.0180319974137085,-0.02715100229427833,-0.03494805980436949,-0.010277416230122544,0.10604629801459503,0.054788629581396235,-0.07476051784336511,-0.044111878584029436,-0.086402930543532,0.05415372851536654,0.11079765010866184,
2459178.7638883526,1.0004735149913084,0.000415294891373842,0.03576909452305298,-0.02256201974219662,-0.009356481553154522,-0.010733313700468245,-0.1726472883489277,0.03028115340311741,0.024982988234424623,-0.07140763979019911,0.005849427065948663,0.008415324223213463,0.06291653623685217,0.005339290265580082,
2459178.7645830805,1.0001556059325687,0.00041521078525337833,0.057869675029578224,0.042033827454882704,0.003682781918704997,-0.10264920966230223,0.013884628070233454,0.0045356363911312,0.054691229439332946,-0.07255650814047218,0.10556368244515912,-0.09653792297861494,-0.02661966345318047,0.10942928701049986,
2459178.765277808,1.0006094355156956,0.00041530762391470453,0.036581655695335225,-0.02890381179223604,0.05926361402970204,0.09045586819840312,-0.034319592355962436,0.055037841316685154,-0.06705283569608206,-0.07104790708080937,-0.06947079680318682,-0.0500640964094739,0.02601952266163554,0.04905421215396594,
2459178.765972525,0.9993517242051351,0.0004150508889167187,-0.06618811556159869,-0.025032067630418757,0.019691296197343743,0.07538705463714804,-0.028751229730792194,0.13216387076595565,-0.026043282302460065,-0.06893987285644412,0.03783401815541293,-0.092137646844833,0.06307508133635531,0.027028013605957697,
2459178.766667253,1.000954682430618,0.0004153559430905404,0.004226992463097973,0.14093639157886118,-0.054058001070396655,0.04833554511924851,0.05344936285555581,-0.06870431991617314,-0.08665785066603442,-0.07029788187574014,-0.11439903051541009,-0.04612273891285079,0.037861979117411654,-0.0027076492934534208,
2459178.76736198,1.0010698449050368,0.00041537365655950053,0.032539334253608256,0.07554108451729877,-0.10870013252176486,-0.13817397304411905,-0.10330670446677226,-0.010905213783482796,0.035781781081454606,-0.07257432020327524,0.14076584632474287,0.042227564731428135,-0.08711268057082017,-0.015308915860408806,
2459178.768056708,0.999906144125793,0.00041515381572848815,-0.04866197272383371,0.040977985705621785,-0.11758952827052482,0.03247517822374364,-0.14904062618772415,0.08089334532237566,-0.034217331573481086,-0.07067494792332524,0.009184645429281282,0.01767990740807031,-0.05953617576302078,-0.06833812528483274,
2459178.7687514243,1.0003769253134651,0.0004152509579123621,-0.02875673064920859,0.05149880015147622,0.025074867551763802,-0.06535979722496302,-0.05353399937599326,0.08642461307297306,-0.17834008107167112,-0.0688121246871436,0.06821065198562529,0.1095422017787836,0.025423362009315414,0.06105453329760442,
2459178.7694461523,0.9996974920977421,0.0004151162428128,-0.05526858654736593,0.1277020378648209,0.04295344184408971,0.043521850197001236,-0.022881379940271257,-0.07467348639938746,-0.036550357730471585,-0.06253924033167793,0.05599577396663462,-0.07673591276361719,-0.08943492726926386,-0.09907600465090693,
2459178.77014088,1.000756472423871,0.00041530183272224324,-0.023384182886904296,0.027481435345557574,-0.08657891076974689,-0.028993520939253774,-0.030226148434926478,-0.0740628852681529,-0.08365304548865751,-0.061384715575310694,-0.006448703861254415,0.08518362092408893,-0.022778421194960527,0.0021324924266555995,
2459178.7708355966,0.9998152967729597,0.0004151471132796319,-0.15201042319753563,-0.13643832359668714,0.08404073664714334,-0.008397073989360945,-0.15683996850376894,0.06150934145383059,0.011432831976393606,-0.05650679094598976,0.028595686228730516,0.03862604492899777,-0.022593069313187095,0.017679260213945613,
2459178.7715303246,1.0003979729340282,0.0004152485248710986,-0.05297630599584306,0.008610162848937196,-0.017395821191619032,0.020000108132634028,0.006491516617223374,-0.07860212117588944,0.016646682554051852,-0.05789691725024617,0.027295748213329862,-0.07798805176748326,0.01041580824666392,-0.035768154383581996,
2459178.7729197796,0.9999984410446963,0.000415195948027961,-0.11585974171921977,-0.14369543499026088,0.08088758558876569,-0.1256130276168404,-0.19512553286293882,0.14651307752747136,0.16753948989675221,-0.06487460040333078,-0.0007111644062468003,-0.07583880010436815,0.047440375873771715,0.04006502138942569,
2459178.773614496,1.0006785082561724,0.00041542066815506497,-0.12101515422575815,-0.028098106452927846,0.044904182691975374,-0.09398567474853363,0.02905507705462987,0.11318866133383026,0.08892300497287663,-0.06725632526326676,-0.0009289807542690598,0.011539840522967618,-0.029702669366505962,-0.03360291802861319,
2459178.774309224,0.9999473161100613,0.0004153759987473202,-0.04682918371262519,-0.007474463541013884,-0.02725096808364917,0.1482773440481379,0.05304584481668617,-0.03764682565035353,0.12890272020539606,-0.06607288153296591,0.06606525609834613,-0.005571222164742561,-0.010014857493904569,-0.027911660708865804,
2459178.7750039515,0.9988169284449062,0.0004152264104842214,-0.06759640425228189,-0.08112658670104246,0.057292646175342195,0.10319149202743608,0.06792747564209256,-0.07810018357408587,0.13116178753745192,-0.06298094576581392,0.018155969738693045,-0.09527056959873301,0.1384008102300177,0.07246641902063777,
2459178.77569868,0.9992319903951442,0.00041527524936670594,-0.1155947836486463,0.02701467194106687,0.03327909991226193,0.052682586530508155,0.006449817852797468,-0.08158578761428435,0.13123412032719145,-0.06652044148283268,0.13488551813676256,0.07601081071170183,-0.12874666728081235,0.03285776112324842,
2459178.7763933963,0.9994870061879998,0.0004153497731480384,-0.07695070926027624,-0.09569655706041023,-0.0669038632104448,0.12652420734460293,-0.008564143947081188,-0.03515408229856903,0.009845352140241693,-0.06434777742331516,0.10887649699198365,-0.0074307078317236855,-0.08773237697065946,0.05759484118302002,
2459178.777088124,1.0001198731961412,0.00041544344449023806,-0.0867158049805222,-0.07087971136949357,-0.010108050901980801,-0.12182931606654769,0.027843581954317832,-0.05369519186022631,0.0485225033760942,-0.06901518165572328,-0.04836877276902768,0.02194943846903854,0.08452020960343368,0.07205510356977267,
2459178.777782852,0.9991004891374887,0.0004151972498058407,-0.13886116570388943,-0.09786009823244014,-0.03384936195444378,-0.059001173267730786,-0.01658126361649172,-0.05570249929428668,-0.048447768336503175,-0.062275773126325734,0.04895869566190324,0.004623790555180848,-0.00035624199972400435,0.006377576280450803,
2459178.7784775677,0.9996713240279511,0.00041529558042883503,0.02996274809481135,-0.05521118425675861,-0.0041129828543312605,-0.041658286692185624,-0.045031730097136624,-0.16643281818836778,0.0653253847651959,-0.0652849812100387,0.024664805055850288,0.06071678097974884,-0.09889414946640414,-0.007433269378017901,
2459178.7791722957,1.000058566589352,0.00041529132635620923,-0.035348354275496076,-0.06287973720740297,-0.07719978976127716,0.01980564618374843,0.06797683802045011,-0.09887890896743899,0.043522718763109404,-0.0646646937577018,-0.008542159469108686,-0.04506049194578086,-0.024970733136241676,0.04209046472250322,
2459178.779867023,0.999942272120375,0.0004152494244669398,-0.07461498634989887,-0.06685625327026834,-0.05628705212385309,0.03586172133030223,-0.009210972142804492,-0.018108506580613977,0.02161103789015915,-0.07032381475446396,-0.0003823763740814969,0.008945522455612928,-0.009976071419112154,-0.14035608542929268,
2459178.7805617517,1.0002383479797283,0.0004153177588598188,-0.02479198572582502,-0.19599037947821613,0.0553903017718305,-0.07514285950018373,0.01973865974010746,-0.023181854397351258,-0.058159325984505454,-0.06929521023621038,0.07358246876518876,0.037943681104594444,0.00226152465138171,-0.04462979901089677,
2459178.781256468,1.0004064500937364,0.0004153250652515244,-0.031662036633212015,-0.009577138274529145,-0.06022986796955346,0.0449969704824339,0.07929292854574702,-0.032970565887970926,0.0002370777106203258,-0.07044114320368766,0.06403868018768161,-0.01968697160665193,0.035435508068124684,-0.06940424314169705,
2459178.7819511956,1.0000513767250006,0.0004152364846715406,0.011939965617647702,0.007250535939653748,-0.044554243408623934,-0.038388973230946075,-0.00956457980410896,-0.017122002491710486,0.039269907615725394,-0.07169649175697945,-0.09660956227177375,0.02492785032743138,-0.004780798654485877,-0.1397915266644121,
2459178.7826459236,1.0007446918068152,0.0004153877851099447,-0.09104478802178236,0.06466656598868559,0.08716427392176236,0.05947472364294331,-0.0729211592537913,-0.09781716980455778,0.018783408604960587,-0.06334154026258347,0.08010575489803456,-0.035758138031387915,-0.036954956255909104,-0.09743398690533216,
2459178.783340651,1.0006234989104945,0.0004153389042677666,0.025115953476357703,-0.055996773639463114,0.06215533632528106,-0.13655802419604535,0.11105834163210543,-0.02739219801278152,0.030099075329282403,-0.07403337856155102,-0.05707608070176553,0.03303129400447691,-0.01398733084648091,-0.08254523974932616,
2459178.7840353674,1.0002737973595466,0.0004152806995811835,-0.06542017355163084,0.028531525654680118,0.12487023619057395,-0.04049984627898964,-0.018484127731399888,-0.03579677714612326,0.07798064667469856,-0.06997202796248016,0.06263266132571686,-0.04032533844550842,-0.002237825134034906,-0.011625101661951099,
2459178.784730095,1.0000178523945666,0.0004152376830555662,-0.0015003450882742394,0.005891976669583057,-0.032680562396202074,-0.05663560679860148,-0.07145747941048569,-0.0743640098619869,0.02355703796920563,-0.07005562324214944,-0.09271885439333484,0.02742496821090611,0.0175168936904154,-0.02072261692807134,
2459178.785424823,1.000218201285152,0.0004153329955323165,0.013169638324141954,0.0013877522913474257,0.03907075641919405,0.017144783114856364,-0.0417091949062608,-0.028865561720940174,0.018846159627511544,-0.07005959458588303,0.039309490381897565,-0.010658508812695462,-0.059537797701117695,-0.056142706267116135,
2459178.7861195398,1.0005498505941168,0.00041549445204353306,-0.0009132237485350031,0.051626276514081595,-0.04235466519324039,-0.04405040855827123,0.03771187245327304,0.014122960374425994,-0.010829797039869407,-0.07103581766393714,-0.017682236649586642,0.06425802791373392,0.010819064197980935,-0.04965560308639995,
2459178.7868142673,0.9999948439290456,0.0004156246496205758,0.016910861366154762,0.0042416475149074226,-0.0543626016423787,-0.07960480216107518,0.08788581140594184,-0.034180922730866134,-0.04057915084521856,-0.06979668097670326,0.06532505479541548,-0.0032999811411866,0.010729946400479848,0.012375232693017423,
2459178.7875089953,0.99992362624402,0.0004161034597553845,0.01703096478372551,0.0273466200656388,-0.02244368591900009,0.015230206918140227,-0.0560927209405416,-0.08009568908238543,0.04506900977647724,-0.0668925840312287,-0.03849164050272487,0.07205579987311296,-0.023893790810756016,-0.09385300298518373,
2459178.788203723,0.9994183142770734,0.0004167523859541223,-0.04617823020056979,-0.01870053094936229,-0.0052500067213682175,-0.0035613575498925367,0.07696979573929831,0.042355189345204915,0.019264129635167153,-0.06703947424726084,0.0962326437873115,0.012373772563212591,-0.13681418154466624,-0.08103027673093936,
2459178.788898439,0.999882644724308,0.00041802612578721436,0.05567705526774067,0.061183522092607405,0.10827647276534959,-0.029098391046951794,0.05599181704726212,-0.05542341522738012,0.014924463884453058,-0.0717815420205763,0.08454139976290134,0.02325940309811016,-0.054743420317262495,0.017946226571498972,
2459178.7895931667,0.9997852599635038,0.00041954621199252664,0.05984063967439722,-0.018153814193406132,-0.05760495627405811,-0.02250634966303206,0.0719225500346244,-0.04637332981996494,-0.05980915556851607,-0.07461526109830524,0.05052678014514715,-0.009295648041861379,-0.0011984860783923678,-0.025462251267589126,
2459178.7902878947,1.0004388834087612,0.00042256186902563884,0.06197388778877436,-0.04391032831273108,-0.1804226228672777,0.022413285458645224,0.08688793941063917,-0.03259849428611186,-0.13552379718381385,-0.0702630069735188,-0.023134779586686985,0.10042654041157313,-0.04825413518647905,0.15199552474463288,
2459178.82085578,1.0011811521401373,0.0004346456177990626,0.026108330628235574,0.024142177324264297,0.04327196310482298,-0.02691678333399973,-0.006319742204614665,0.01685591963016175,0.043028322921639994,-0.07036039860502274,-0.06357163183244238,0.04256097589475682,-0.0479255402525296,-0.07110412435253052,
2459178.822245224,0.999860958817902,0.00041576706350526256,0.05192609880516354,-0.08952587776432332,0.04510274222549788,0.014228629774039407,-0.026961644248865158,0.015887592651449907,-0.07915694045583543,-0.06833428828384633,-0.06178242659619208,-0.04160718724902669,-0.0551236538045365,0.0576250020595914,
2459178.822939952,0.9998987230264857,0.0004155282254760201,0.049651201347619654,0.015123437555477513,0.042363981924315036,-0.04444733110394628,0.07776836165853605,0.006468861365402304,0.04626946802655251,-0.06930728519443655,0.017229111162827944,-0.058247391754987415,-0.09738552873530955,-0.14454122026093238,
2459178.823634668,0.9993347752433696,0.0004153472144043159,0.0709956014389514,-0.10489659587266599,0.020793786477390285,-0.011211214667582505,-0.010363265218876242,-0.04676745303123649,-0.021492524799186244,-0.07308441976959708,0.06029849628763747,-0.11808342934465334,-0.01223991414314498,0.07778566594928409,
2459178.824329396,0.9998002339595206,0.00041540474636679294,0.07147543040403913,-0.018630249927482394,0.09746522759254617,-0.04931289494580405,0.004806037679612043,0.036406073634765425,-0.04463461027240924,-0.07056040155058295,0.17345100319464118,-0.03724204564797694,-0.06494482838220422,0.06212191036591557,
2459178.825024124,0.9994832944064574,0.0004152883004979711,0.048728686444928615,0.04298882209777777,0.018557757024842532,-0.0865671822732509,-0.0676970269071219,-0.059853619862954135,0.09782991004581369,-0.06843494169260897,0.05041364281378621,0.002694763933143685,0.04741189777380164,-0.03282449135815965,
2459178.82571884,1.000056565486024,0.0004153839997831211,0.0315300614978199,0.007211751380466027,0.023141523820468912,0.010307412543318194,-0.030070408360334536,0.04678061241090386,-0.026621272076145005,-0.07196467794567449,-0.11035087802082613,-0.05042825068990096,-0.06752898164800636,-0.02065866875054893,
2459178.8264135676,1.00071608059524,0.0004154617977748645,0.06192527336181466,0.01702923215560704,-0.023676792208019302,-0.013976776545688402,0.02246786052558757,-0.015027364035373664,0.04250000132726544,-0.07248559781957807,-0.10639835974260509,0.08096048089857297,-0.031364711524905046,0.04738171786892864,
2459178.827108295,1.0006219870849542,0.00041542858605717086,0.0717207332467837,-0.00017209449909413055,-0.010903786051104382,0.08237962530312827,0.0011859493533343986,-0.03463051001030341,0.0028944607506677803,-0.06733129200524837,0.10063015624753091,0.09862344148677007,-0.017169285187638963,0.029896647778312684,
2459178.8278030236,0.9996581804005676,0.0004152118520191696,0.10647640224896901,-0.053524723355319576,-0.06596915866986659,0.08358597866333463,-0.0489512284337189,-0.004256175729300299,0.10839257165754115,-0.06828485612165135,-0.0649722966888576,0.04740709067119601,0.05401492180979062,0.0796263960671618,
2459178.8284977395,1.000564622322655,0.00041538380485498953,0.05411019705900087,-0.03481774871248671,0.07356403035545919,-0.026691368483351255,-0.04912711076665461,0.04889643824407712,0.052733126059643864,-0.07296027960149729,0.006462867182024061,-0.13523231671856453,-0.014731193129940598,-0.02152920282032049,
2459178.8291924675,0.9994442340537704,0.0004151703445778926,0.10871032083620652,-0.02219712028515347,-0.06457302223578694,0.02424056856407656,-0.0061215600550038034,-0.005727906007068262,0.09167442335702435,-0.07141183210640152,0.021222044073876747,0.04086554331994886,-0.08314043897532113,0.009924592034185784,
2459178.829887195,1.000595097558323,0.00041535232489455664,0.08440816570234086,0.0014989625304655551,-0.044462893877442476,-0.015477379883937032,-0.026350815942796695,0.051531362890063895,0.15354342231118798,-0.07250589231611063,-0.008794431101290674,0.01900050094274502,0.04844858654514387,0.019098610971864653,
2459178.8305819114,1.0007487050383126,0.0004153809622569078,0.09910745504447943,0.10800849136860906,0.1529606939701443,-0.06022955715222571,0.022161131099584706,0.0635427888552296,0.08627508728321674,-0.07325370981440552,0.09387412095492806,0.21563024331743866,0.20236248099565143,0.004407222773044771,
2459178.831276639,0.9997623611779125,0.0004151441669384652,0.10052016734001369,0.043037455446441136,-0.06384146264020345,-0.04178717814257873,-0.013328108011143196,0.04049548998928678,0.07782809275574674,-0.0716630364731082,0.011760656724314467,-0.008693854826422289,0.028830972905626598,-0.04643624526152227,
2459178.831971367,0.9997524659080449,0.0004151497480979045,0.035073789957343705,0.004323209803691123,-0.183356801712786,-0.033993551094879226,0.05559546137241688,0.11023615854425507,0.02941680639290717,-0.07334876946388529,-0.06895836039188635,-0.04046191301295601,0.14908728218168402,-0.0024081699499491995,
2459178.832666095,0.9994534121804043,0.0004150869593385161,0.04583923028684602,-0.044955253642266775,-0.08604790950423008,-0.015972892433291988,0.13433418175738293,0.04608150809392113,0.002746941037528968,-0.06745543841179232,-0.018263998372902074,0.028173476559852858,0.10248145683725708,0.004802726544088562,
2459178.8333608108,1.001227136574201,0.00041542910765203007,0.0768395151458738,0.04302633166530564,0.19379824532796006,-0.10878077003245436,-0.14825827153285795,0.08423312045400946,-0.05834776238709611,-0.07420137110717154,-0.0663465129495311,0.02708577266893052,0.22541873056878453,0.19525248700657566,
2459178.8340555388,0.9999035048718447,0.00041517559499064795,-0.031256947525006254,0.0519777778768696,-0.060988260034832195,0.05871312340261764,0.04531833231780823,0.05937353690104735,0.00745265540149708,-0.06966528972546132,-0.01297490254730067,-0.13277590826717006,0.04728343390137633,0.017280536132525805,
2459178.8347502667,1.000406787330318,0.0004152683524762158,-0.003937184682437905,-0.05177064324699351,0.09528269153708703,-0.056679658311140795,0.05171139476992418,0.09194397829189375,-0.033035939148670326,-0.07059081156053332,0.0360296524320863,-0.0291454400362635,0.048011109342227326,0.1953518269632684,
2459178.835444983,0.9995529660608683,0.0004151106406726528,-0.021398723866903602,0.12081640794921865,-0.015479952453297679,0.009835314558351611,0.08278186194483035,0.04455157049053738,-0.03348926417477965,-0.0697204128193115,-0.06378032609308304,-0.10781336543806015,0.03788618771701665,-0.111960133704792,
2459178.83613971,0.9995881467295222,0.00041511099288217584,0.04830081904786047,0.14707335422627296,-0.088490297946606,0.12664117935217237,0.01710524338684952,0.001646839927071896,-0.026547638770078402,-0.07464942307740646,0.006528697673293736,-0.0056806003017726625,0.03818059000578818,0.02490087523824624,
2459178.836834438,0.9998063135404789,0.000415122223894371,-0.027102857850829182,0.0971106998778959,-0.15825108856949507,-0.1491916684812105,-0.08202754804776838,0.0787098433041536,-0.0282891667210102,-0.06960322296400274,0.02374097258388948,0.06676459691999337,0.08726780759853728,-0.011726608070316683,
2459178.837529166,0.9999253764727333,0.00041512662677086647,-0.010751339845398881,0.014323262462065316,0.007055657141276201,0.03884794577415047,-0.03077045440493998,0.050874361306513974,-0.10486919037041584,-0.06529354104226251,-0.05259967158350022,0.0476344406056967,0.0020125373261146635,-0.030786423593039042,
2459178.8382238825,1.0000645404899844,0.0004151743799426591,-0.059733355878466066,0.12814145128782578,-0.030105400072256705,-0.017249813480013858,0.021056494396638006,-0.0838105143195162,-0.08852124946687188,-0.06467339401839693,0.09016778497697713,-0.03280077557219805,-0.004753848455511963,0.09772051603561456,
2459178.8389186105,0.9998394145526132,0.0004151115650774622,-0.025440816078878315,0.012194170661061588,0.009816790441789378,-0.00554878802982479,0.004518486921520782,-0.05551641018048187,-0.07985366735776234,-0.057168094710949004,-0.023063826726791477,-0.05090005567082339,-0.044656581450458324,-0.057895118491480366,
2459178.8396133375,0.9984267123659952,0.00041484790514935454,-0.11118120773751759,-0.10940956907981549,-0.037302354909684095,-0.021159558491524413,-0.02403561859254604,0.046517278041577285,-0.09090176375817302,-0.062238041800436766,0.03687540020422726,0.0003552804453995657,-0.01281688475769051,-0.026997354414926684,
2459178.840308066,0.999636351649379,0.00041509852034883734,-0.05068370165039073,0.03899117755059918,-0.06425949908373312,0.0267998848118178,0.1351481096432288,-0.047834354333102375,-0.05169701677490021,-0.06567390558935951,-0.0431476312051217,-0.03403478997032222,0.05001583579023925,-0.01753977391921745,
2459178.841002782,0.9996402826425856,0.0004151237142256004,-0.06575105578034633,-0.07756013631692135,-0.015750225139131276,0.02314770459716541,0.07756151616691717,0.06814650843042777,0.01076585555867783,-0.06558613418749425,0.08597602197437011,-0.05568217261746319,-0.05601362202239406,-0.0840227050707289,
2459178.84169751,0.9996646905484603,0.00041516898748200225,-0.13563195999919558,-0.07508534266178263,-0.08855402261034233,0.00969537372608036,0.0615364824988357,0.16073735708846768,0.028798696516137604,-0.0648768925396118,-0.14630067401693886,0.03131042435341739,-0.09963241333200953,0.055543518438075,
2459178.8423922374,0.9989388946768912,0.0004150770338191364,-0.12568079991729156,0.036268374523876046,0.019437784721572725,0.08227393856966612,-0.007150432997976087,0.04744372357153464,0.13821450457539722,-0.06437489395388366,-0.07808318640849243,-0.07365298573624234,-0.024641901759849472,0.014181731588288381,
2459178.8430869537,0.9991070850236807,0.0004152330996919046,-0.052345583083911004,-0.0691877356308037,-0.04057370279964796,-0.040371017130164714,0.03203604281678098,0.013657224847722568,0.12801341926949616,-0.06798224223693633,-0.018120307515435474,0.0018957344923211845,0.03587158749331623,-0.0717864837830905,
2459178.8437816817,0.9995998385525282,0.0004153812651212832,-0.061841332250112714,-0.013685685905837252,0.010774697198559812,-0.005975255149897427,0.08338132760820964,-0.112493690201325,0.12653545657033152,-0.059782079523836844,0.00956962115774661,0.04713912638029493,0.03142103754749741,0.047629399089848416,
2459178.8444764093,0.9990334462984343,0.0004152271710573505,-0.12089120312428604,-0.09419652382979775,-0.04741848137409749,-0.03579000920575116,0.10578946222999577,-0.029994846630198704,0.05111406059782399,-0.06704689046393802,-0.11624303681036796,0.01038958205038905,-0.033252728526638096,0.1448357650122364,
2459178.8451711372,0.9998778908460821,0.00041545862153080095,-0.10681327967605443,0.05318764594587991,-0.11699303662596877,0.05502083636148588,-0.07187840606211177,-0.07302440172100773,-0.008845467590979532,-0.063386876575922,-0.05160641821946426,0.007568873063968534,0.023602144512696994,0.038044401907075705,
2459178.845865853,0.9995100095807562,0.00041531502110994553,-0.048810723922005375,-0.10089137660634108,-0.03227768368093945,-0.03961903387698743,0.11829590880117709,-0.061666804612051124,-0.019897519128129534,-0.06900475989373975,0.037004846106400466,0.07668540894516887,0.08111213005692167,0.031410349322536016,
2459178.846560581,0.9991009029144481,0.0004152305852488205,-0.06516775685974614,-0.15763833944495226,0.01938198501383443,-0.04288974637263772,0.08039267742329649,-0.06193125924117592,-0.018322301976890356,-0.06688286955954989,0.016008101138190848,0.17072654725109224,0.08088633913092916,-0.10456963788649694,
2459178.847255309,0.9998082225917755,0.0004153057730862702,0.004963340325674524,-0.07296478252197924,-0.05404880204355285,-0.013506250486713018,-0.02140759443731009,-0.11422120483204487,-0.02932921119529035,-0.06696555689792606,-0.002864080257636372,0.03391126730839189,0.14421806875405177,0.02531541959249888,
2459178.847950025,0.9990491759762787,0.0004151007260168454,0.006624157478728373,-0.019130938986139732,0.02358887012220685,0.05863548517343259,0.011218385728871202,-0.10464280865094779,-0.03470118511438593,-0.06614095780357467,-0.0858771130057502,0.11697158434937553,-0.025065598378380526,0.026912604775717365,
2459178.848644753,0.9998629057767555,0.00041530718439877014,-0.09676398840684945,0.0039677095330640875,-0.01171414912251388,-0.059557268228305274,-0.05561514350011716,-0.07265787955038178,0.04462738368788279,-0.062075313963094375,-0.0705686083876629,-0.0289050481368988,0.09229388107997655,0.013164144433937524,
2459178.8493394805,0.9998519508728415,0.00041522374115941834,-0.060552392946629015,-0.12439599936987665,0.06555610256885053,-0.01784900287907895,-0.05082436750858631,-0.07282503563640647,-0.06196268085998734,-0.05993534699220497,0.021740274843057066,-0.06475039577968274,-0.00921736590788776,0.026615397422176782,
2459178.850034209,0.9997226459934604,0.0004151883106374307,-0.017204100312672565,-0.026904272777018942,0.1388652982212331,-0.02053067689221834,-0.04333515228199887,-0.09050954071938545,0.06941081916797213,-0.0689125774737319,-0.06415985251557144,-0.054633312252622836,-0.1497149197782819,0.021471456081036882,
2459178.8507289244,0.9996795038436769,0.00041518331823347225,-0.04643878517263836,-0.018781229964385644,0.07801170234055224,0.1281455525600661,0.028189301307716658,-0.055397508420077186,-0.00722325062569751,-0.06945336023574467,-0.0306612216810265,-0.04891156234387392,-0.01623780673525703,0.007549984190191302,
2459178.8514236524,0.9998595030503201,0.00041522921012469426,-0.08054215165279599,0.10980219129827411,0.03483083949608152,0.036410792658176476,-0.04843033116877544,-0.07470799191733293,-0.007088370399539728,-0.0637486232780968,-0.0036841700219436314,-0.07170669846741433,-0.011882938403524479,-0.015719234360181373,
2459178.8521183804,1.0000765415545179,0.0004152616667265586,-0.03823288929396894,0.0361421101936688,-0.012699683411051262,-0.057243190884931176,0.05427028929878723,0.023411834796573227,-0.02355194359651878,-0.0717956059129087,0.10663373179908849,-0.014003193579535986,0.027288132379006937,-0.08877025676961815,
2459178.8528130967,1.0001618867104487,0.00041528146609236613,-0.02498489423837564,0.07143325839013569,0.0870647060503268,0.038537655134403506,-0.08467912575669487,-0.049213183510945516,-0.06608606979637335,-0.07275287914460071,-0.02073224440251891,0.033851241061654824,-0.15144323483560884,-0.048375279455674984,
2459178.8535078247,0.9999821761493629,0.00041525340451820575,0.005363021532288014,0.048747140947495285,0.02176190676830597,-0.01766431461055226,-0.058682511321489626,0.014451369333449968,-0.02284918277401719,-0.07124984866118203,-0.00872266685313687,0.023629614978940578,-0.04961105637231502,-0.04178835488984205,
2459178.854202552,1.0000481062916224,0.0004153110450913118,-0.005940868892042852,0.0082994826422195,0.017245089318437754,0.1086401128112104,-0.013011907731288866,-0.011974959955644201,-0.060605333811692065,-0.07133737927046026,0.13092514026849988,-0.07930659631983505,0.0026747049871786244,0.05166071930802909,
2459178.854897268,0.9999474015991755,0.0004154109755269399,0.01000384204629757,0.006575764407143356,0.07193396714778479,-0.12923534845949708,-0.08061702576221898,0.01866807041377921,0.03230471987340518,-0.07323684954600622,-0.1298379500888202,-0.0012850274408089508,0.003127438673102407,-0.045486058149130176,
2459178.855591996,1.0005302489261432,0.00041574592718168367,0.006291262217445682,-2.7110263376022038e-05,-0.06966839975378489,-0.00415442060584658,-0.0138118285812983,-0.014653109414370742,-0.007695208865710397,-0.07053734776245867,-0.02936537511103214,0.024623408055891416,-0.087778739910415,-0.05596327671365664,
2459178.8562867236,1.000568418125275,0.00041618953302288085,0.0373352312428994,-0.005477659998852226,-0.012365034495285684,0.005963107691529728,-0.0873406324434369,-0.0778633759116967,-0.05853398340184005,-0.07051181471252399,-0.021393892967401955,-0.10466762340742862,-0.04595828548896169,0.12692714253190268,
2459178.8569814516,0.9994935292176964,0.00041666458231969346,-0.019828938273631667,-0.06541868676153718,-0.0051778222685051984,0.013616012469855906,-0.10812334828303947,0.01669010383546095,-0.10783486241035825,-0.06843251664744644,-0.14211332624794337,0.02580665754098119,0.021994071289678997,-0.02519134712848557,
2459178.857676168,1.0004970129280497,0.00041792175285852457,0.07553333613931887,0.012089444921465388,0.00867445162027558,-0.020360095107006534,0.009086048252263003,-0.03836818790645666,-0.02925924720401139,-0.07184552412550882,0.0264763914187292,-0.07731207367151186,-0.011563256337609707,-0.025798509376615323,
2459178.858370896,0.9990600138282939,0.0004192256065584047,0.09791000854343967,-0.004921961331544164,-0.05412122410143324,-0.11247274912850834,0.10040521007935152,-0.07773979345974763,-0.025920307568849804,-0.07004283741153032,-0.030640865782768485,-0.09356183538598087,0.021995452019615922,0.01312786911559441,
2459178.859065623,1.0001676358011367,0.0004226948121437301,0.06571777071078544,-0.024334737005548317,-0.017266500750125535,-0.060397688689646796,0.08776561529641153,-0.04076328407363669,-0.04501042719106398,-0.06965795036257971,-0.0334694645393598,0.06390507006196762,-0.00265834632029182,-0.04083792675788166,
2459178.889633495,1.0014917858290993,0.00042980011085440843,0.02527090961332538,0.018222363360201672,0.1554959232011107,0.10995075519687598,-0.022320705489053135,-0.012869164309585202,0.053253454618512816,-0.07132343424344889,0.07378798615424877,-0.0413620827112112,0.1453941306651558,-0.15475615378129284,
2459178.890328223,1.0010840081881651,0.0004211574433149667,0.06186881377171254,-0.004997491625521326,-0.00469429917629709,0.029288959136960224,0.07642176596010929,-0.0653957162312187,-0.0557399244416926,-0.06986596374018954,0.022089793217688537,-0.10013540058222807,0.051043145991934116,-0.05600751934143646,
2459178.891022939,0.999798280675233,0.00041565949190143725,0.019793929911216136,-0.06908321480547197,-0.026745553019787382,-0.09437914739249896,0.11285925832723187,-0.039700752494842714,-0.0571746956716313,-0.06458448132989714,-0.06956241508528319,0.0521278179616081,-0.015293824008652318,-0.02452909769605165,
2459178.8917176663,1.0002589941524076,0.00041556973643647134,0.07399886614128573,-0.001538620305236407,-0.005716421515196092,-0.04126311573755652,0.06352691979547327,-0.012502199546581425,-0.06479795162002834,-0.06961725473453129,0.04615271249830915,-0.026682033853096396,-0.1618462338325735,0.038095577402345634,
2459178.8924123948,0.9999768482858089,0.0004154442889861239,0.013656221521812844,0.021714844590245683,-0.03242022869667005,0.11118847231156222,-0.05280450694290764,-0.027722967865654764,-0.03134550461773508,-0.06713483118803751,0.053602196265821404,-0.02221002753734265,-0.052472238773349014,-0.03465227688824485,
2459178.8931071106,0.9999668423809325,0.00041539224189950173,0.09098333464911354,0.05395451041461121,0.08001192349831283,-0.004665452907939321,-0.07861972964810338,0.033016653668876725,-0.005698280478540472,-0.07085033931374063,-0.09744372614821115,-0.003065957993300194,-0.148332339897758,-0.024688218798421785,
2459178.893801838,1.0004532160877755,0.00041546757194326996,0.08347370484779265,-0.011435767709752381,0.047234073768008325,0.05112728625439469,0.053398191222746236,-0.004676046958410314,-0.006826100856643008,-0.06887277198723801,-0.1190800255667348,0.0553916836611217,0.014031346885842923,0.013072314942269316,
2459178.894496566,1.000446229864427,0.0004154246695174062,0.08695347985255797,0.02509506435367534,0.08061265405720416,0.010341189697642052,0.08947566603517003,0.0631624384337775,0.017564293796507993,-0.07481281755800785,-0.040885384034580495,-0.004789008012748918,0.09788620946413935,0.0469015942221314,
2459178.8951912825,1.0004134867716241,0.0004154196129342274,0.06906899009015291,0.028873027224213154,0.1328189775811445,0.0568863270202655,0.0007925161960283082,0.015942249120160838,0.021530037801884987,-0.07191423001722537,-0.04209474877334865,0.024210654934819727,0.024202386251181505,0.07713057211977009,
2459178.89588601,0.9997125121540138,0.0004152584703113157,0.10433831360607192,-0.026921641252594115,-0.008461843056511265,0.05889746459291433,-0.05060898391063029,-0.003282778058953178,0.07911938316855197,-0.07305885520877518,-0.11692458670055428,-0.09773855766143315,-0.031746695770503736,-0.0031490328296334327,
2459178.8965807375,0.999765263299883,0.000415248149392975,0.046544062201373235,-0.05997946462897657,-0.028838415545491457,0.018483022188656148,0.009330528694675176,0.07163828204650122,0.016514352751017505,-0.06724037381271779,-0.05631689291125569,-0.13627158517444163,0.007511964960675123,-0.019959985847938927,
2459178.897275466,1.0006375450243674,0.0004154129583700636,0.11489272881214267,-0.029826884737279753,0.019953947721143676,0.04045600919807288,-0.005089565479358465,0.011549331623617883,0.015419204621766302,-0.07363077477309643,-0.011777939441012542,-0.10655507656157105,-0.07302149830632786,0.042006771794884434,
2459178.8979701814,0.9998934754469545,0.00041522887772564457,0.08999802801277293,-0.03479327115761637,-0.09187800984631155,-0.04213895995874729,-0.01812868119573081,-0.0026731305930947635,0.08510330516365804,-0.06890704984072474,-0.01008220393743886,0.05442954517651778,0.0016253939319315798,-0.060042717782685,
2459178.8986649094,1.0011034180851428,0.0004154550958974626,0.06343453899021652,0.007930523109214513,-0.09728836580313874,0.025102950377720937,0.013255580062307534,0.08212655369042732,0.13209599835533092,-0.07214799841961335,0.16033395021225455,-0.09734969096522801,0.008079753670514125,-0.1401711067122409,
2459178.8993596374,1.0000771866542961,0.0004152349070407716,0.0754111238776725,0.10015666804792166,-0.11650319705271923,-0.01771553681647071,-0.12438908957485938,0.022460263918036048,0.10971993326380161,-0.07338412878127756,0.014226257410476197,-0.0614827931903557,0.0033068737798622387,0.05293590241169718,
2459178.9000543533,0.9998339959372993,0.0004151746642377807,0.03448562391446884,-0.026865688644799997,-0.10297748305470558,0.0709128549090723,-0.03397121325480653,0.03814605765550206,0.03807896630155162,-0.07080490755039624,0.07300993305239815,0.00811095916321498,-0.11390378261538643,0.038293725948617616,
2459178.9007490813,0.9999885416136689,0.0004151836198373512,0.01189598992197023,-0.03386983000650164,-0.035647739435944535,-0.0008621139413731187,-0.043586652636968246,0.09369723285569216,0.07621828073625195,-0.07103556695311138,-0.01214095735436118,0.010736812571904595,-0.008583770966208229,0.07648313672831884,
2459178.901443809,1.0006741446046885,0.0004153151608563237,0.034313849531118316,-0.13701109169930983,-0.07307798878531883,-0.07362091636299846,0.036366301644432934,0.13394873180268266,-0.09304780390512561,-0.0700113830449328,0.03700688531232938,-0.0850537994403149,0.055890260536489544,-0.10460549676404188,
2459178.9021385247,1.0007649366112867,0.00041533951479400097,0.11115515019831053,0.05432400738451872,0.14384723212791453,0.022875583578873846,0.24554949902365977,0.020739538622502093,0.023189397607818938,-0.07267688230282883,-0.1657716722091816,0.0015202270559271879,-0.02412003844678785,0.0035472968780624605,
2459178.9028332527,0.9995738680952286,0.0004151025288801183,-0.04523717208193261,0.09699866052446894,-0.0412072359287784,0.009865515986385274,-0.042980928169341175,0.06034691789035637,0.0911423426027153,-0.07255462615106717,0.09989005516953262,-0.027132502957059546,-0.06435033141424976,-0.040914730479348564,
2459178.9035279807,0.9998740425316532,0.0004151588963868757,0.03843819529434834,-0.005011351431283823,0.037068276827823377,0.017689092658268603,0.09456306254865403,0.10469174635999545,0.02437633304758296,-0.07061036012806142,-0.06719617997476005,0.011821846087380404,-0.028617075903592682,-0.11420121525911954,
2459178.9042227077,0.9999858733217651,0.0004151888861510342,-0.03641591063891096,0.0720823394889622,0.017564086014205484,-0.03286715641930737,0.06100426790149087,0.042261585582076495,0.01568966264954757,-0.07096076464382577,-0.023356227329361205,-0.08005405471075983,0.1025111547011874,-0.07810535564906147,
2459178.9049174245,0.99957081180025,0.0004151029209515706,0.0640839042147867,0.09521419943911597,-0.05842683860969347,0.08865785741668848,0.0697753732612296,0.048958991089383785,-0.06067497537195554,-0.07317197376267769,-0.05461480605141314,-0.04296725993875853,-0.06866387983693252,0.00967668416085531,
2459178.907001596,1.0016713928596896,0.0004155014479345776,-0.06054154770167073,0.21657885274614008,0.03331398650578691,-0.293199552498533,0.10457228197920276,-0.07282342960709355,0.05481944247646818,-0.0640297372811868,0.09197250683879264,0.15176833735031475,-0.04417697848557985,0.12967781090736982,
2459178.907696324,1.0004734274477314,0.00041524222347011055,-0.025800119824114287,-0.06277373645283726,0.0717767403086482,0.04183850746718281,-0.011109667516493914,-0.0390710619553679,-0.11873309719407121,-0.062416958617564654,0.009986290170146293,-0.002724527674967183,0.027137625542507537,-0.018070957789955933,
2459178.908391052,0.998928014606239,0.00041498525999475087,-0.10761039634762253,0.06065777686855257,-0.027494336792860747,-0.01287919868204103,-0.058139631014941434,-0.019662019983848523,-0.044112171099195484,-0.061021021453685986,-0.09055509254361736,0.03627675403788813,0.026972113826229157,-0.004331955454112657,
2459178.909085768,1.0001425307983873,0.00041520089119766965,-0.1231308570264368,0.15497224515046054,0.028106243099197622,0.02668757812114272,0.010650574111213427,-0.05807087131838595,0.013879593329766916,-0.06400046765740826,-0.08361061598410868,0.018092497846840156,-0.07418945843323088,0.1175453818848987,
2459178.909780496,0.9993298512084323,0.00041507343590970624,-0.04336285430438983,-0.04798957622648265,-0.054446195106299805,0.08228372849148353,0.046315423933096234,0.05363811924323207,-0.05570417836548431,-0.06879911159559018,-0.017240831319075375,-0.10874342600357098,-0.032839569218644823,0.016235290101335446,
2459178.910475224,1.0000624455559968,0.0004152463473921045,-0.13808156564307567,-0.025927767844592994,0.009556333344254497,-0.050496235328122814,0.09212451472570427,0.19768589545873516,0.019404575269296277,-0.06755321198731355,-0.10682902916369427,-0.05240000184785014,-0.09949609601526639,0.031268025341389165,
2459178.911864667,0.9991222203243397,0.0004152461780728296,-0.07338152622835141,0.05637563819236708,0.06492321763369713,0.13703338324677924,0.07753236212346917,-0.005706131477365542,0.13241374154038443,-0.06525771609408233,0.02594662563604897,0.08327979372607651,-0.012168251712936494,-0.021496198866845374,
2459178.9132541227,0.9992342425481667,0.00041532578922647505,-0.1214564088011597,-0.12590285368415835,-0.007269244940107844,0.024563143041453718,-0.07495634288472647,0.023180318288441557,0.10993035272983637,-0.06527293787004858,0.027554588191187585,0.06858287090138511,0.009995642517945508,0.06577065940586349,
2459178.913948839,1.0001811861175363,0.0004154542986847392,-0.17119786440791124,-0.031120177590089688,-0.038034423510025554,-0.02963631750201327,0.007045383055348787,-0.009644103595272084,0.01108452070471521,-0.06159954230729621,0.06038874298044779,0.11462405269096876,0.12702767783376295,0.09316067201288947,
2459178.9146435666,1.000090969787153,0.0004153955684461399,-0.1139620659276112,0.035166112721930085,-0.0912283169801982,-0.11379185379290829,-0.027751704109801347,-0.11852260899240558,0.027728764356768496,-0.06309285625051372,-0.09095824024980297,-0.11937440238452039,0.018487515295298445,0.036825954523418435,
2459178.9153382946,0.9993835895551205,0.00041528990186736367,0.007473597738441862,-0.09140345640530526,-0.018480843596974952,-0.007081007891070603,0.03591305779720619,-0.10196216556235167,0.04930307446576455,-0.06801232900926793,-0.12222596936283144,0.12484270393676702,0.005112161215595007,-0.09486839529586878,
2459178.916033022,0.9997641111750042,0.00041532134182982905,0.012189871431270297,-0.053380265034560004,-0.004061948798655523,0.07645998142825687,0.004594172212140132,-0.09060434137037554,-0.006138029119729713,-0.06473814454806703,-0.003870209296804355,0.09261888549202107,-0.017551530603117132,-0.09163090191318332,
2459178.916727738,0.9996296160720234,0.0004152454142094025,-0.07128002861951682,0.0025669298951967933,-0.026537295569205473,0.08738066092668827,0.022723540311930576,-0.09449332570537694,0.014747480439284262,-0.06722286495306423,-0.06708047696358935,0.030937391277250672,0.0446040306270242,0.034740785850459525,
2459178.918117194,0.9999521134161897,0.0004152337416683701,-0.07024846763446192,0.0659588615399593,-0.051109573207641826,-0.03924889007608595,0.052621164342825134,-0.12053241055460193,-2.8765052910547562e-05,-0.059565732682438886,-0.1302776436014937,-0.14391034728771995,0.08849089447640911,0.051528857997719946,
2459178.91881191,0.999859750503959,0.000415225545423601,0.006893555156766262,0.00739689278325989,-0.03940514136709087,-0.001200140393686069,0.050689013962752924,-0.06636378816942073,-0.1026849968707961,-0.07403006589281391,0.01526528356513876,0.008112488123499437,0.027044420172847344,-0.022177988302508996,
2459178.919506638,1.0002227893012006,0.0004152760551561169,-0.04589356360188522,-0.04243519466404345,0.004670584068677159,0.06889641506750703,0.03415173210887627,0.0035170461701926887,-0.012028226195748067,-0.07080982362023266,0.04179713732578188,-0.04642502090236961,0.022193795085811204,-0.13460202990762243,
2459178.920201366,1.0000517239357163,0.0004152590905640549,0.010576754069130119,-0.019559614402919423,0.059294382647106667,0.007078038022369828,0.0863124789838493,-0.09746688154627207,0.009645392765381938,-0.06836574216556543,-0.05636081406350766,0.03462292329964164,-0.07440562741348042,0.04837187218774543,
2459178.920896093,1.000176277041936,0.0004152676445747167,-0.03440151619097816,0.1292434666879167,-0.0063067983263794,-0.060891297282174746,0.033641896177645486,-0.0439921234411585,0.02603144751968914,-0.06690835443983843,0.004727514225861787,-0.019746700173011923,0.08246397614948177,-0.10473297291924062,
2459178.9215908092,1.0001686399195704,0.0004152698714592534,-0.014642100067338232,0.13073242530471724,0.023323803168336862,0.08997104106009399,-0.010083676471761102,-0.08653903833965672,0.008178093977422848,-0.07100907779516161,0.14515736681871816,0.03503275606246703,-0.022069651344111877,-0.08682025482169736,
2459178.9222855372,1.0006132390299294,0.00041535886368637546,0.011203312934379615,0.0758861997489603,0.16322086071511227,0.08702814857458788,-0.1569929000838146,-0.011061724785841673,0.01873929590071084,-0.06800823710315529,-0.07429036670218715,0.10037329109735282,0.006139717628713441,-0.14192793554833186,
2459178.9229802648,1.0005887979486163,0.0004154127114066411,-0.02230607479637991,0.05185831146930988,0.07392162029361797,0.005136054504985563,-0.058045929649676094,-0.0008636387982606325,0.029944355664556763,-0.0691320162474352,-0.005895808544678725,-0.005050294009466511,0.07695000817278383,-0.036594161486512955,
2459178.923674981,1.000674212206049,0.0004155897010909273,0.013794717305658944,-0.0957366558901628,0.02754922194105157,-0.020986515841585594,0.04838860046131664,0.0379130890199369,-0.06696739392488728,-0.07300414269433793,-0.0916846632838376,-0.015757426037093934,0.017688594784607773,-0.037125024842077026,
2459178.9243697086,1.0000134560882015,0.0004157120712122561,-0.025520339324971837,5.097159790341804e-05,0.11954468067500014,0.0948112026033522,0.16822991183100178,0.041434784174558884,-0.017079373276443176,-0.06676047355609185,0.044419955989819696,0.115425345349367,0.0852955375112791,0.0661232583565992,
2459178.9250644366,0.9998354432952462,0.0004161106126765289,-0.06714823948086471,0.09235124335706134,0.03945590050677837,0.1177197683779299,-0.0410693747946148,-0.07381947126075336,-0.0025333364950390768,-0.06837923743049325,-0.10297612353469014,-0.053134475543825145,0.038736019418213,0.07582937519923345,
2459178.9257591525,0.9998491174075758,0.0004168485427698155,-0.007782088787299258,0.03478319760851961,0.020223376279442245,-0.04682072697717944,0.026220556580173828,-0.0047543611811309665,-0.038803069809905236,-0.0728091893762986,0.04857185105934202,-0.0354045705498575,0.07608650806462063,0.0314807527495911,
2459178.9264538805,1.0007874639484884,0.0004179588526699317,0.044479299618026144,0.006527891869657261,0.05539304928798432,-0.003822562511654952,0.06435623253134036,0.0007300018168992002,-0.052244092718510174,-0.07183368314319948,-0.008906324918331493,0.031379085982303094,-0.12420536953093128,0.0172788926008566,
2459178.927148608,0.9997806592971203,0.00041951314313226786,0.05266920589206929,0.051591712366210164,0.023445858017246805,0.005974746835816293,0.04957799880105218,-0.03358981986100887,0.011110483505171593,-0.07023082781163031,-0.015189006901195843,0.057150506371052345,-0.21411397971443202,0.00030419744227325467,
2459178.927843336,1.0002940236443452,0.00042422258758703066,0.07745067742696947,-0.03452023445711633,-0.02752963994598512,-0.08943870778656225,0.006007191805501192,-0.10000852534802401,-0.05567514011738527,-0.06872683794222115,-0.09798361366335846,-0.15848038186742164,-0.10729148477549098,-0.038200705075376776,
2459178.9591059326,1.0007079652270565,0.00041973444462042924,-0.011277911448376017,-0.03394126855809523,-0.017565892772640937,-0.029081780063089202,0.00014919254289547318,-0.06332701696829034,-0.07398114357858288,-0.06638930726390217,0.04093695528597233,-0.11523953049631128,0.05868029254291303,-0.06450602553223672,
2459178.9598006606,0.9996096616112735,0.0004155895922896124,-0.0052403189026479545,-0.2059182021243857,0.09207102633795572,-0.08587616233520635,-0.04501021355044453,0.10754758474199914,-0.06895233980695954,-0.06613944880242081,-0.019172539770924327,0.0804168490370227,-0.003938981650871153,-0.14899658508471603,
2459178.960495377,1.0008543366802067,0.0004156814659590465,0.05951397185475113,0.02930251140661968,-0.008875350197262594,-0.09658732233692566,-0.056227957058149786,0.014140037838973316,-0.01952643159003622,-0.07366308889008388,0.05474222807729549,-0.0529147216059896,0.0002687065519625885,-0.06265939685527185,
2459178.961190104,1.0006735686615453,0.0004155904519744154,0.005809450426143782,0.09439714468180213,-0.014910735069272459,0.007865824881637083,0.11485985726920239,-0.014284472456592928,0.05297099695958278,-0.06691732799565037,-0.03789325906467952,0.07057796904315496,-0.054390255684080534,0.09249007352169873,
2459178.9618848325,1.0008608184212437,0.00041557989551914887,0.0712379455266664,0.03966752139776342,0.07638630852100842,-0.09599582747158192,-0.004511026153338531,0.06121626008206128,-0.03469096262799864,-0.07300059386935784,-0.1297670483224392,0.010503138140729677,-0.020388849598130827,0.19092402436006495,
2459178.9625795484,0.9999724445538513,0.00041536426177751757,0.08179722973234765,-0.005411466739682639,-0.024379893231099892,0.00813683836136813,-0.0223613397218781,-0.042283526481520735,-0.061745637517019406,-0.06844691223509229,0.09466454435419165,-0.004889783639404072,0.13303753980219718,-0.04199486284881865,
2459178.963274276,1.0006569199800606,0.0004154709946252743,0.07667077621757933,0.004561379219360019,0.11045113951722033,-0.029506710103043718,0.040787317626779035,0.04373884607767142,-0.043414402232672566,-0.07479511936161862,0.08904860673834923,-0.0008708553579655097,0.04009373200029288,0.03148050749092904,
2459178.963969004,1.0012342626747175,0.00041557132442791676,-0.02975209925477119,0.09659361795088599,0.06512151874760172,-0.054489117292352104,-0.11608329190192024,0.06031057381982866,0.02852945529641806,-0.06981259121231115,-0.13288185128501137,-0.06695507620963229,-0.01726023405306982,-0.04980635407642231,
2459178.9646637198,1.0002490836549753,0.00041536255536881215,0.09713362797762404,-0.006870270199027936,-0.03744582297886166,-0.02804082822266371,-0.06499814435076812,0.015201186128540512,0.03778843108436974,-0.06955509497387793,-0.014270425902726317,0.11162274359216175,0.07254355728294734,-0.08636586029637265,
2459178.9653584477,1.0002140419543377,0.0004153255240780228,0.015136632513568341,0.004904735759045078,-0.050421863436121116,0.06810718085743604,-0.09526385252184745,0.10186697498868177,-0.05309818603096821,-0.07060667176157503,0.016616675463682597,0.03390673545390593,0.043440039229427345,-0.005314216375921451,
2459178.966053175,1.0009508185763993,0.0004154476938859687,0.10235252346979846,-0.04362299197058361,0.02326219598246891,0.06258904188296645,-0.011520605053807455,0.007795479958478306,0.07485964544237966,-0.07209257694522168,0.03941703124468621,-0.001579806300396739,-0.06559629496550201,0.06332256121390582,
2459178.9667479033,0.999878022547324,0.00041521321795213155,0.08597575058114953,0.0007299546292038568,-0.22389854321529754,-0.03784644598091085,-0.05826951669412578,-0.019969399029905282,0.06555394591857043,-0.06981300873809604,0.004284029275715931,0.08784648789780918,0.024797308785612128,-0.06312285419956554,
2459178.9674426196,1.000965271448829,0.0004154237765766888,0.057110925414340485,0.01606412622976468,-0.1498548493135056,0.06736684696998374,0.05313460423247632,0.07642295582179123,-0.0003922332338866188,-0.07125680214131824,0.03305429302176589,-0.017103930576880727,-0.0513930659263922,0.07333327874176608,
2459178.9681373467,1.0001485956154093,0.0004152496970228156,0.01928559328247803,0.062319238280212734,-0.03104868443029807,0.0841780867448806,-0.059184573978386,0.07530408121695742,0.04897511911530719,-0.07004391178648242,0.02339433109919798,0.015512498529635477,0.11420992849759141,-0.060843539333386876,
2459178.9688320747,0.9998933282444713,0.00041520006937471345,0.026668551142746053,0.0458890529869283,-0.012151257106246269,0.20179080801897858,-0.0007927551967419552,0.035492423177767095,0.04149154573004668,-0.06949446497248199,-0.03230942734825329,0.09398048910600135,0.015159245044123639,0.0679245986947531,
2459178.9695267905,1.0009194033381492,0.00041539915846055365,0.033541919629002354,0.07764387854962265,-0.004184829500476813,-0.04023136627728661,-0.09850311278261127,0.07141053971459488,-0.01463776734921572,-0.07115094880098986,-0.04550817972473191,0.027649198761632097,0.01615924140611967,-0.019254714913451744,
2459178.9702215185,1.0005029678168538,0.0004152941789458528,0.04791393814719132,-0.0602474995720972,0.05354415779645172,0.07371807321792627,-0.05092028577833636,0.12065370743938925,-0.055376060235960776,-0.0684638794052854,0.015134126543957824,0.12447897009342296,-0.02467658119418695,-0.10542800395548221,
2459178.9709162456,0.9999644462428462,0.0004151813722938818,0.0951667112463824,-0.009781606816943057,-0.11135147497347256,0.09515458849142233,0.04619654382314897,0.0524851838164558,-0.07052008384675841,-0.07405416420121104,-0.017847368914266512,0.016106060733417644,-0.04936228896499968,-0.07760609492547768,
2459178.971610962,1.0004603581775953,0.0004152868328219322,-0.023149659764715738,0.04863843612353112,0.06844210994446173,0.035617734380022824,-0.023050337157900898,0.180288279873696,-0.05389007307277883,-0.07470072820258233,-0.030849156314319476,0.008365384580616916,-0.040637788061893824,-0.017538634848368997,
2459178.97230569,1.0009592425585823,0.0004153919280644919,0.02474244122187073,-0.04262545136073253,-0.07266695920013666,-0.0011560485495840176,-0.04671338455289804,0.1360617764186311,-0.1781190196249179,-0.0719301681707327,0.0018032738879953866,0.1597673687209091,-0.06997021696150903,0.06007695836884199,
2459178.9730004175,0.999724722215527,0.00041516849202047806,-0.01036538344375111,0.02139247559063585,-0.053251077485701945,-0.12001657425480945,0.11685880037269818,0.1275108816243614,-0.01980951927546463,-0.0703750014395869,0.08785772765197608,-0.06161122086308776,0.053352477726845204,-0.09240686521859712,
2459178.973695134,1.0007636272531908,0.0004153548693039126,-0.045236795306808415,0.0860771805859928,0.026596511425230618,-0.06851507601906225,0.053865229042870305,0.15231296267697486,-0.05828345324905367,-0.07277565730761616,0.2034218842318408,0.08448300114814038,-0.030483787611816658,0.10971637918568601,
2459178.9743898613,0.9995039091324068,0.0004151889482714756,-0.08636665647799402,0.12976820771913,0.003927082692340101,0.03355110551164353,-0.09215632940994348,0.09757850322840636,-0.06930665697584618,-0.07071966336463172,0.014678956443179124,-0.012772900360880973,-0.09111351131871728,0.07713203520357621,
2459178.9750845893,1.0005023988756467,0.00041527240455228474,-0.02464546067546347,0.04333549190307927,0.09642575620583738,-0.10351461016709433,-0.026434842615505022,0.04153518192829145,-0.13762136284599524,-0.06552344190995994,0.07451665942540034,-0.0596099128456693,-0.055820534563405716,-0.02779912927551294,
2459178.9757793164,1.0006108336145576,0.0004152889066725765,-0.08847432953221158,0.12812490571290835,0.08123827860569431,-0.08381725852328845,-0.0866311491231662,-0.019818295496386494,-0.05978477160627268,-0.06761632153810838,-0.018318743397078327,0.07920928548486554,-0.010122981443888861,-0.03598591428860977,
2459178.9764740327,1.0007017729896037,0.00041529109553017,-0.049196224119111606,-0.08099266023396194,0.06722201440070748,0.0032969189786386105,-0.0024625988220856806,0.020824190981781735,-0.11220177476371132,-0.058804957091066534,0.07372835380516557,-0.05698378519119403,-0.009113713918928425,-0.017782224215855652,
2459178.9771687607,1.0005763274393524,0.0004153067693178798,-0.13834451306647674,-0.025899512386429593,0.03183173205794179,0.0037226854265223724,0.12351140009874055,0.06313647215733086,-0.0654713097690206,-0.056458076234127214,0.04354085258223948,-0.004755225087411327,0.08796440782006294,-0.021660275282679345,
2459178.9778634883,1.0004375133131103,0.0004152691505995059,-0.055796115539802286,-0.02854823736747886,0.058824178326535,0.014260829711941168,0.09576194211245057,0.06823300299809269,-0.04585815599533038,-0.06541459274054817,0.05507980736505287,-0.004314253216003644,-0.049200360710010195,-0.01394611823293783,
2459178.979252932,1.0001905257266153,0.0004152848564096753,-0.1463539217530815,0.01755610032133695,-0.04189003568563509,-0.07958650004466694,-0.031173204637156702,0.1354198519003176,0.0848957622975505,-0.0655852896449376,-0.08055189881290271,-0.00789452317427739,-0.14964925377046606,-0.0010356322855910511,
2459178.97994766,1.0005980417306908,0.0004154445613219652,-0.09938342693822934,0.04445761424534241,-0.024382661486361257,0.09141643494823719,0.0048999495251392765,0.08884816673626635,0.07902963012765156,-0.06605776539600736,0.025456425924291985,0.14183716118491266,-0.00907705899803951,0.009228182396598703,
2459178.9806423755,0.9987865311791565,0.00041550406341918855,-0.029183204801717596,-0.09192931224605799,0.03814950053520022,-0.01278879456895256,0.06703957105516214,-0.02412170727275576,0.10649225058576149,-0.06597619359931177,0.04927649680924426,0.09686202382165586,-0.07081825097054395,-0.005071194717081687,
2459178.9813371035,1.0002402932907533,0.0004154979719400272,-0.046775926829410695,0.01032673521668985,0.05444572759588838,0.05029732551124561,0.012993424169998276,-0.13146100671711017,0.07760208160702639,-0.05981831419204869,0.06294112053821983,-0.014613418270957442,0.08952676781100984,0.06536897450642808,
2459178.982031831,1.0000696506177826,0.00041549237533296187,-0.1449632567205118,-0.07733050107053749,-0.009127353385831389,0.04364435134021212,-0.010277512948846575,0.021982127960358033,0.05432729878797606,-0.0646212319457032,-0.02191233834879473,-0.0240826602835191,-0.03247431947622161,0.09288244435310444,
2459178.982726559,1.0005472739816874,0.0004155221817576605,-0.08415305743569226,-0.1266052006845289,-0.05571735695608888,0.04368466031695225,-0.07835438126430395,0.011279515827548776,0.012918852012940048,-0.06610656287760479,0.0031535947970692275,0.09769259328720768,-0.04015448234109743,0.03031953443387693,
2459178.9834212754,1.000272009388873,0.0004154678637461221,-0.12408654687116953,0.05228316432125999,-0.009131124801905964,-0.059335892437186316,-0.004451054786132171,-0.08585581962617053,0.004550638528859417,-0.06119363030960869,0.03832573638312755,0.04856634675455547,0.050786793556471796,0.015374246142594866,
2459178.984116003,0.9999806889788644,0.0004153998704302451,-0.0679692874276126,-0.0627213068123227,-0.0218798687435035,0.029311422275728072,-0.06008196477640907,-0.09881089760143724,-0.08139468306237158,-0.06157772177299306,0.035313260735275846,0.0028144065497888097,0.13125289527718972,0.03612474760083984,
2459178.984810731,1.0003450756140044,0.0004154164389019625,0.0027861612149711404,-0.1326591829272848,-0.07273783677605461,0.002437494106651025,-0.04725698391184759,-0.06614240278415519,-0.08259614811371205,-0.06642689410856001,0.0011057885989921544,0.05298869463310864,-0.02524583153104228,-0.023969461524937466,
2459178.9855054463,1.0002701846772888,0.00041534212529918555,-0.14374250784828912,0.05618702137537239,-0.026525613478641887,-0.08733612360739294,0.0540394096413418,-0.02452693213180423,0.07090210520941384,-0.06154587341590434,-0.14043237707036177,-0.049485053723717025,-0.020518078690315526,0.03202874558714533,
2459178.9862001743,1.0005519559986824,0.0004153891837718552,-0.03869014104617133,-0.12309470982668087,0.08233122607835947,-0.004628595155059633,-0.11582428818497505,-0.06617231218414618,-0.040369167373500915,-0.06254863670950715,-0.09489116193860768,-0.006898901279533821,-0.002649406337991955,-0.04911901451808741,
2459178.986894902,0.9999675875022646,0.00041524197795792813,-0.07073015886526718,-0.048981245618121026,0.0416489158581802,-0.0067359772751568875,-0.1022100335764544,-0.0379505943972914,-0.07325478596206532,-0.06534947511252893,0.012370086507597893,-0.059259794670788,0.042840739136025235,0.004605018840881767,
2459178.987589618,1.000912514068347,0.0004154392868217607,0.0006725198175795296,0.0339902596435429,0.05048003919302896,-0.046897313509304706,-0.00845684308270453,-0.08879677658732146,-0.026008296936651635,-0.06921741697873293,0.001600638138454495,-0.06092804910056208,-0.06173027058661416,0.03791676334484629,
2459178.9882843457,1.000371695489196,0.00041528673368851295,-0.056340362071434794,0.0013205794846853818,-0.008924499012913078,0.08122805832034348,0.07288138742366775,-0.04566015636507254,0.0075256006940833614,-0.06710300326786768,-0.01592456665481616,-0.010558384017137044,0.02368986905249467,-0.14156138118877187,
2459178.9889790737,1.00064304222968,0.00041536208441360085,-0.013544914032787311,0.08326070053798168,0.006816281661108985,0.05572479687311759,-0.03694095064433379,-0.06246963016866315,-0.04627215168626327,-0.0658694625097243,0.07651790512955628,0.0724923298402408,0.061176812657316074,0.011982802849950513,
2459178.9896738017,1.0000950894346752,0.0004152653639580949,-0.04505582417178487,0.05266807006488491,0.05538331663272962,0.07141965940805821,0.006034623794569059,0.06304783613596357,-0.07929309415063589,-0.07035321136411705,-0.062169819948060076,-0.017168678133983158,0.047764413885734706,-0.04991789188179613,
2459178.990368517,0.9999366441634253,0.0004152416801236018,-0.03812883527230148,0.0834456754111892,-0.10353432442112084,-0.03781084706281628,-0.042227216060967195,-0.07393673946362626,-0.06900708125712385,-0.06994994742481901,0.037650344871816364,0.0035778832442922765,0.046112952805903086,0.008024681829385177,
2459178.991063245,1.0005298853890077,0.0004153598339515681,0.03444841030295092,0.057205311842610546,0.04898625514384351,-0.12601541604331262,0.041275422893514296,-0.022232751036131274,-0.03388012302072857,-0.07004576936831575,0.009690900280073087,-0.0724178848227118,-0.03810376036469798,-0.000723232731111998,
2459178.9917579726,0.9994102561425975,0.00041521204080945134,0.01671848932168315,0.044031900761289905,0.044301032468377945,0.03540123819152507,-0.04117089080757256,0.03330348684345355,-0.07499746209936786,-0.06955498966907034,0.08755984593434628,0.013021495803923377,-0.059829408695013936,0.006768871969246558,
2459178.992452689,0.9999674048357553,0.00041546424237593317,0.049130692953791244,-0.012294019921232257,0.10389265942231794,-0.014024634455872435,0.1166486560246813,0.011770109875064294,-0.06745196081878654,-0.07364885255058608,-0.023484919350084954,0.17153653270273933,0.02323927884128568,-0.012324950447560105,
2459178.9931474165,0.9999595780686739,0.0004157556363198172,-0.018131376501098563,-0.010302709169778223,-0.10683323545354521,0.14918121024354647,-0.025777700839285142,0.0009727973482708518,-0.15178558696430314,-0.06860601295331065,-0.07474255350002018,0.04958515326442164,0.08131359790919208,-0.06541189636545942,
2459178.993842144,0.999877097868815,0.0004161516122948406,-0.09969418894781494,0.11151256228174299,-0.13719339582661672,-0.00863073297160132,-0.07203147741559615,0.015986147268551104,-0.055229618137622775,-0.06609442334378529,0.08154043650897316,-0.010016396731797909,0.02975635486672201,0.01928272516272917,
2459178.9945368604,1.0002533756293743,0.00041710213300362426,0.036849221044428435,0.06815921423520015,-0.033471541065355374,-0.048190361522162,0.021497192935576,0.02951271562262133,-0.07184583406019049,-0.07403887005516976,-0.05187871557399269,-0.008916352239058374,-0.039875689794947794,-0.0644226684161371,
2459178.995231588,1.0007263704495084,0.00041872226658923474,0.03915214377793992,-0.036832776980422845,0.07338756566117537,0.11776874342850327,0.045611818579291474,0.01716891607732602,-0.15464692180813003,-0.07382414539752709,0.040345541823604565,-0.08325044040642035,0.09855625642572746,0.08253051913939652,
2459178.9959263154,1.0005462583516724,0.0004210536166666335,0.08104651211522644,-0.055111780938967576,-0.011975166032618976,-0.0921843385479853,-0.04817215910873509,-0.05564727640255113,-0.07198792566781184,-0.07085954559388202,0.030091280340377093,0.05437832267365756,-0.05729890258222127,0.05549569019700269,
2459178.9966210434,1.000899821748793,0.0004268859613515504,0.031509010158542516,-0.01027753275164062,-0.015558714713460575,0.022354312753793782,-0.07161458413034077,-0.07204026579666627,-0.19999750876040112,-0.0645096483294596,-0.026477812777536032,-0.014503036509393007,0.03689068406600093,0.09414745089377984,
