num mjd kelt1 comp1 comp2 airmass m1z k1loc c1loc c2loc tellurictop telluricbot
5 1.58273139 31239157.0391 17177676.2015 14461776.4671 1.2619799466 -0.153086 0.0 0.0 0.0 29052672.1219 -0.343161721633
6 1.5835243 31165665.745 17150705.4558 14477076.508 1.25821726496 -0.152511 -0.161450925718 -0.0647679939428 -0.247616977636 28143003.094 -0.314128515762
7 1.5843114 31036986.698 17089847.4574 14418364.5071 1.25453813678 -0.142352 0.14944496794 -0.00275371384482 -0.145879965164 27966043.7106 -0.205108539416
8 1.58510561 30935578.3256 17011838.1697 14362358.8869 1.25090877914 -0.13664 -0.243420213754 0.02173826155 -0.350443643808 28104462.0621 -0.136950026895
9 1.58589813 31060801.0689 17088239.3006 14430434.935 1.2473133089 -0.150473 0.298782533525 0.369369201263 -0.0483326997 27929790.6451 -0.231094496756
10 1.58687408 31133469.3976 17104041.0336 14429610.9534 1.24296131648 -0.164632 0.260411231881 0.388520799803 0.0794689459182 29459156.7929 -0.324885751759
11 1.58766824 31166615.5835 17146736.8109 14464260.7235 1.23945518415 -0.165271 -0.00317980192591 0.198472938684 -0.0357721470858 27177628.5395 -0.308724845891
12 1.58846037 31194028.4523 17164517.3329 14493679.4417 1.23599127805 -0.157205 0.292861921367 0.335428020523 -0.0190877196989 27090333.5378 -0.225338606487
13 1.58925317 31214752.5844 17169648.4461 14498935.1483 1.23254442419 -0.157901 0.377031983784 0.40786558955 0.071312189673 27038024.405 -0.211875391496
14 1.59005396 31068429.0675 17097637.059 14418266.2302 1.22910026508 -0.134575 0.121600158964 0.147864603169 0.0441664235355 27342111.2386 -0.0173280932921
15 1.59084765 30782482.7808 16940951.7529 14313073.6997 1.2257412722 -0.10537 0.336270424586 0.271015503339 0.111426240496 27094890.4533 0.215175275956
16 1.59164338 30598034.3445 16852297.5894 14207990.0924 1.22240928242 -0.09062 0.356036766913 0.239534073679 0.0457786812675 26911804.169 0.334773144054
17 1.59243695 30613595.0587 16856096.0242 14228625.3824 1.21912236731 -0.09549 0.353047953396 0.203785489655 0.122577507469 26506701.0682 0.308932738381
18 1.59323257 30596043.2825 16844295.5687 14224148.408 1.21581364571 -0.091509 0.492605145399 0.411947455668 0.317080914737 26345760.0053 0.34692123229
19 1.59402523 30839290.7197 16963046.6397 14307292.6161 1.21259726439 -0.099044 0.312006204376 0.231551272424 -0.0688516060294 26296178.6695 0.302750834868
20 1.59499908 30794376.9878 16953227.4466 14313528.1567 1.20870815115 -0.104505 0.607608721933 0.483643492285 0.417820088621 28367340.8569 0.274111295452
21 1.595792 30924973.4683 17020251.5623 14370613.5002 1.20556810812 -0.115736 0.467447553637 0.472224602182 0.361650595881 25475286.1324 0.206611092361
22 1.59658642 30934762.8093 17033086.5556 14371828.7225 1.20245274098 -0.126069 0.429035841211 0.412259816843 0.33325689727 24598678.4396 0.146862852785
23 1.59737941 30904558.1195 16993388.2516 14348418.3774 1.19938002082 -0.116077 0.622541449611 0.585113872589 0.306091957851 24326303.3893 0.224369969586
24 1.59817122 31105766.6405 17119622.8906 14440058.9733 1.19633603794 -0.142817 0.831894100088 0.735693926204 0.59440221627 23968098.3289 0.0574851544661
25 1.59895951 31073605.4052 17104999.2181 14441184.8961 1.19332880493 -0.145511 0.596327492318 0.492666447104 0.327520019252 22724947.6971 0.0513565436826
26 1.59975277 30975090.3214 17050718.5402 14395935.649 1.19034558946 -0.135628 0.485465586072 0.359156725054 0.209405210195 22471472.5292 0.12632139309
27 1.60054431 31009943.6958 17063315.6225 14402392.1706 1.18740351233 -0.145853 0.784337805326 0.831753672543 0.398033066981 22524212.3741 0.0714475149849
28 1.60133095 31246054.3459 17183368.8505 14509430.8879 1.18453570924 -0.161286 0.903728125664 0.861957243883 0.648112877247 22599903.9339 -0.0150035200237
29 1.60212391 31205641.133 17169840.4096 14496062.3487 1.18165231474 -0.153085 0.845479320933 0.708479665828 0.615915906511 22887245.3576 0.0474848337031
30 1.60309795 31222102.3044 17189420.5212 14516836.0016 1.17812239435 -0.151448 0.896478772176 0.647401400435 0.619563603057 25011470.0324 0.068125470413
31 1.60389015 31195033.707 17163743.718 14485444.1754 1.17531302412 -0.162108 0.798121147308 0.74211242965 0.488414181823 22807365.6874 0.0134093545838
32 1.60468433 31295058.4168 17212873.6612 14537288.5388 1.17253072079 -0.181383 0.939955312338 0.785268714633 0.616814717676 22979949.9494 -0.0920678595581
33 1.60547745 31351064.9063 17234937.2565 14553244.799 1.16978276437 -0.185381 1.07503171097 1.01959838172 0.746504571819 23201188.1963 -0.104380039899
34 1.60626573 31344451.5361 17232372.0783 14549095.9853 1.16705664778 -0.189773 0.917820028871 0.714339958969 0.552024713121 22819856.7466 -0.118834451908
35 1.60706037 31418302.9981 17271754.0489 14589367.4481 1.1643687536 -0.208106 1.10906031174 0.838156527825 0.657686934155 22894835.1233 -0.214422977192
36 1.6078519 31397198.3803 17270604.329 14580632.7986 1.16171037104 -0.209886 1.07959635022 0.877652533075 0.608799032847 23092648.6627 -0.212542195446
37 1.60864758 31359734.6713 17242230.3406 14588995.2136 1.15908142179 -0.220942 1.06978760499 0.875682837264 0.626218095434 23373682.0963 -0.263839631849
38 1.60943905 31344669.2639 17242366.2653 14557167.4318 1.1564707431 -0.22661 1.14474241509 0.91168732739 0.828974898107 22912688.2531 -0.283700298281
39 1.61022828 31439352.7631 17279655.7625 14587459.8474 1.15390022902 -0.230489 1.18374686175 1.06119324085 0.845767182225 22865795.814 -0.293226524105
40 1.61135682 31376537.5922 17257214.9787 14575857.0003 1.15029987428 -0.225656 1.27671287665 1.0450241291 0.807505838105 24769128.0966 -0.254233749598
41 1.61214582 31438096.373 17283081.4435 14593704.5892 1.147794468 -0.22031 1.25830911048 0.933405987826 0.897878342324 22969698.7465 -0.213218026993
42 1.61293792 31421148.9138 17274715.9192 14579600.6237 1.14532053094 -0.216084 1.35051406008 1.01473072357 0.919812942409 23156316.493 -0.179138137627
43 1.61373186 31398069.1042 17269235.5089 14597530.4796 1.14287499595 -0.20667 1.21716822639 1.11310264707 0.846858168987 23734884.0552 -0.11768627431
44 1.61452501 31408325.1137 17271934.8565 14570107.7622 1.14045650486 -0.204621 1.19744322956 0.967324099248 0.738276481896 23475275.1259 -0.0968688196918
45 1.61531367 31368192.8268 17260582.098 14563542.1646 1.13805839963 -0.211796 1.15143089889 0.987546111098 0.751657945279 23410241.1184 -0.125497523637
46 1.61610598 31373414.584 17250310.6729 14565388.4954 1.13569112036 -0.209222 1.41697212543 1.21434259425 1.01220587715 24042336.4873 -0.102339733437
47 1.61689834 31344512.6544 17245173.6617 14553850.9218 1.13335502502 -0.191752 1.2107280247 1.01568675616 0.704872026615 24166245.4791 -0.00181407728805
48 1.61768464 31317133.015 17219045.1755 14534961.2373 1.13107841581 -0.177786 1.40264363336 1.19332481106 1.05746830057 23956702.0689 0.0788284674525
49 1.61848002 31160815.1235 17163756.6551 14494596.8451 1.1287945526 -0.168645 1.24332141221 1.05847403355 0.9175484378 23769281.2436 0.133302386726
50 1.61946155 30907177.3954 17009965.6457 14347465.2408 1.12599629617 -0.145058 1.63763375149 1.44413843868 1.12111040608 24515250.0736 0.260494602185
51 1.62025588 30965617.1467 17030414.4445 14380787.6519 1.12373937682 -0.144882 1.36389374895 1.19383070505 1.07194298715 22797793.9006 0.267221184171
52 1.62104785 30945070.7542 17025458.4107 14372627.0197 1.12153374324 -0.137338 1.49019197322 1.49493479104 1.3036554083 22723966.1696 0.310776238345
53 1.62183646 30749394.3074 16926332.1912 14280864.2087 1.11939200476 -0.128012 1.36849489027 1.2057995249 1.17331990872 22405067.8194 0.362496621151
54 1.62262894 30806355.5535 16948183.9272 14293018.9229 1.11724051191 -0.128266 1.75043269734 1.57129017659 1.26357840327 22067013.5912 0.366048685727
55 1.62342267 30840924.6525 16957064.3355 14315088.6902 1.1151180702 -0.128353 1.94998687098 1.67046194492 1.54633715268 22317700.8792 0.370331096674
56 1.62422045 31004214.121 17046014.4048 14376595.7309 1.11298390749 -0.138674 1.63968075075 1.42048716589 1.02352488329 22654640.4398 0.324677004217
57 1.62501476 30810057.461 16954647.5588 14305611.2149 1.11091152791 -0.143633 1.81936906883 1.70434626211 1.15644500602 22623183.4481 0.305569922954
58 1.62580728 30744781.6078 16909778.8329 14271440.3472 1.10886414203 -0.151872 1.70853290947 1.65186690692 1.62394112173 22206970.8275 0.270951428576
59 1.62660136 30845134.2889 16967338.7189 14326708.3934 1.10684099003 -0.159211 2.01480935724 1.83576875231 1.55351560027 22094582.155 0.241069312808
60 1.6275787 31022709.6937 17071230.1173 14414578.8271 1.10436388437 -0.160344 2.02205486654 1.72388908193 1.6174006301 24587687.3621 0.240938305547
61 1.62836698 31180466.9016 17135465.4113 14469074.3042 1.10242089238 -0.169209 2.19305217672 1.77320168493 1.59124911888 22857484.2361 0.204413540846
62 1.62916413 31194636.8229 17150806.3004 14475941.1548 1.10044208464 -0.181036 2.03076735437 1.83751471309 1.63670945138 23067936.324 0.15450330358
63 1.62995745 31217763.3152 17157387.8206 14487100.0188 1.0985215003 -0.187046 1.93506572394 1.83343424853 1.51401813644 22607124.4983 0.132196919539
64 1.63075128 31370610.2369 17243126.1092 14541562.6056 1.0966241187 -0.209239 2.18459859361 1.88205316928 1.6758465126 22038989.0296 0.0355422184034
65 1.63154854 31394762.2975 17254217.6983 14552127.8387 1.09475059995 -0.216779 2.15297656502 1.95395140305 1.7817060399 21924393.8088 0.00718814646247
66 1.63234175 31435109.4055 17255813.4434 14584618.9804 1.09289489687 -0.235053 2.09951639925 1.87202101609 1.61269826729 21751511.3922 -0.069708295926
67 1.63313562 31435190.0314 17286852.6634 14604401.7159 1.09106503951 -0.256498 2.18149803598 2.06438219573 1.4960281304 21803152.5085 -0.160041092505
68 1.63393475 31516868.3268 17317748.8692 14621991.0139 1.08923475031 -0.267884 2.32048388542 2.01727642209 1.85680145117 22276818.4802 -0.204107768129
69 1.63472803 31482495.4436 17296714.6496 14648983.0456 1.08744600872 -0.282988 2.24535086485 2.10641295905 1.69904680054 22387049.7287 -0.26431282466
70 1.63569941 31475136.2898 17325961.8262 14620131.2453 1.08529774216 -0.294513 2.37946244458 2.16882006402 2.13356340129 25302937.0179 -0.307967879476
71 1.63649475 31525625.3984 17349011.7598 14647453.8516 1.08356734737 -0.300255 2.29713892722 2.0845793981 1.88626724413 23171740.7402 -0.32564275664
72 1.63728698 31532166.6906 17360632.985 14644720.3381 1.08185427718 -0.319066 2.270165104 2.05704120108 1.90513779265 22389369.3701 -0.40054613206
73 1.63807893 31562465.2744 17346238.3454 14651306.2294 1.08016827742 -0.315506 2.42950335421 2.1638606288 1.87898203799 22368568.5037 -0.377024239153
74 1.63886622 31540891.8905 17349394.8366 14673900.518 1.0785019067 -0.308484 2.30341835784 2.08393215922 1.94421400874 22171105.25 -0.338811932427
75 1.63966089 31520308.2114 17345039.1065 14666059.1002 1.07685992254 -0.316339 2.44650861555 2.19274248358 2.10856533506 22677553.5921 -0.365299744262
76 1.64045263 31568249.5642 17388165.3487 14672301.7792 1.07523521424 -0.311117 2.38366220222 1.99282136395 1.84729479814 23407333.0593 -0.335433344542
77 1.64125067 31530677.7973 17345566.0194 14660156.8766 1.07363684893 -0.291351 2.61345599122 2.3182040503 2.12133902509 23807912.6573 -0.243863010384
78 1.64204297 31480962.0193 17321137.0392 14634128.1606 1.07206023396 -0.274577 2.32309758953 2.1551883487 2.00107126823 23539779.8386 -0.166035150477
79 1.64284245 31477402.1001 17308739.0864 14609595.5097 1.07048212409 -0.265012 2.49772016131 2.19353968544 2.02836077454 23414606.6232 -0.119535533666
80 1.64396549 31402171.8775 17288519.3188 14587383.3397 1.06830885286 -0.249153 2.64283833961 2.17694652169 2.03921974971 24540042.3784 -0.0471195537247
81 1.64475921 31413900.6605 17301645.5445 14585991.2053 1.06680525402 -0.240577 2.44618423062 2.17016989624 2.04085793282 23835003.8647 -0.00594575582961
82 1.64555317 31351286.7441 17251332.9083 14556279.6558 1.06531812254 -0.214405 2.53442074668 2.23080480729 2.01432078417 24065487.7653 0.10797352758
83 1.6463447 31322356.8901 17247525.8434 14547337.2042 1.0638560956 -0.198694 2.4353167984 2.20594698178 2.06761956321 24249062.2638 0.177413446622
84 1.64714243 31210060.47 17197594.4805 14518880.8892 1.06239191594 -0.185503 2.62358986241 2.17358771657 2.1515969832 24557285.231 0.235754238146
85 1.6479353 31121637.6318 17145633.5046 14466387.6452 1.06096772274 -0.172861 2.50907892687 2.25044140678 1.89490715419 24546056.3516 0.291246531753
86 1.6487319 31111728.8094 17144161.5659 14466577.3119 1.0595683928 -0.170675 2.69589836027 2.32359776347 2.05055184106 24372702.5976 0.303510465094
87 1.64952313 31108092.0783 17128541.8328 14460892.1262 1.05818903817 -0.168414 2.54191716558 2.22979764074 2.17417304086 23938187.9191 0.315931751843
88 1.65031166 31181196.8894 17173013.0769 14478719.7921 1.05682992435 -0.179703 2.64585607884 2.38369409758 2.24678750929 23916675.3892 0.273421063383
89 1.65110232 31205740.3452 17184904.8492 14501372.5221 1.05551070938 -0.19476 2.58078899817 2.37230796611 2.01165203943 24154004.034 0.216096165058
90 1.65209533 31259532.1453 17226001.3894 14522404.9406 1.05385747341 -0.218908 2.69992455074 2.60840549723 2.34899717667 26460877.5185 0.122819112222
91 1.65289272 31359685.115 17255796.6227 14556700.2804 1.05254328675 -0.232041 2.69344141853 2.247171141 1.91403785117 23344948.576 0.0742677983108
92 1.65368476 31437829.9273 17303855.9239 14620039.2677 1.05126568228 -0.262842 2.75449170618 2.33513710858 2.21324823584 22959190.1428 -0.0440872533877
93 1.65447109 31456334.4433 17312250.9001 14620974.2105 1.0500298738 -0.275807 2.75635615324 2.47082803727 2.07725323274 22900304.5658 -0.0909294013822
94 1.65526596 31470262.0365 17335535.3884 14633058.9816 1.04879365665 -0.296888 2.78097382906 2.39168738455 2.29034112795 23406098.528 -0.169394264415
95 1.65605761 31500419.1523 17351290.9227 14658387.4591 1.04757860673 -0.310981 2.55274197161 2.38169139018 2.19567568743 23394608.0488 -0.219850005156
96 1.65684369 31492120.4545 17346577.0219 14671644.7268 1.04637973871 -0.312235 2.60392353116 2.2125599151 2.2202121531 22681890.8541 -0.219790996737
97 1.65763569 31470222.4014 17325753.176 14633889.4043 1.04520373174 -0.310039 2.73260564337 2.31798475196 2.28622779434 22296278.7241 -0.20636334708
98 1.65842236 31446501.8158 17312534.9885 14620247.4594 1.04406371806 -0.289826 2.63579099004 2.37434925188 2.12758873188 21820700.2526 -0.123268362852
99 1.65921412 31462078.741 17318725.136 14635399.066 1.04292238352 -0.283478 2.7878803547 2.50916463195 2.26846437409 21789533.7538 -0.0943999109562
100 1.66017744 31439696.9372 17306106.6162 14608918.7308 1.04155587626 -0.26326 2.89439514614 2.55914692416 2.33629388837 24138358.9219 -0.0124601071529
101 1.66096927 31421072.9848 17296037.0305 14608310.0497 1.04047294365 -0.253394 3.11598046003 2.79549147639 2.66037527128 22333519.5412 0.0291518599977
102 1.66176057 31371183.9771 17268993.8609 14570556.9542 1.03939607281 -0.234691 3.01987504369 2.66323634529 2.43531308785 21435605.5088 0.104143070768
103 1.66254586 31343805.1021 17260343.0967 14557300.5444 1.03833805646 -0.223517 3.03122712415 2.77846330799 2.42619195766 20447880.5057 0.149909656647
104 1.66334695 31309889.443 17236989.4963 14548846.7529 1.03728212802 -0.210224 3.0918644403 2.85082306382 2.55290822148 20253643.8441 0.203338329443
105 1.66413863 31294926.2332 17238452.9026 14553996.8203 1.03627363711 -0.204842 3.13919256046 2.84482661845 2.41561193024 20032379.7031 0.226478666362
106 1.66493348 31307338.3741 17249060.4998 14549177.2488 1.03525704935 -0.207463 3.15175193316 2.94831614271 2.61946335285 19847155.1334 0.219307656994
107 1.66572458 31306740.5721 17258962.3837 14561550.5558 1.03427383029 -0.215185 3.1284461033 2.87171759228 2.61129327531 19698895.1712 0.193022696799
108 1.66651149 31327555.6798 17258718.8994 14541847.8006 1.03332298767 -0.220309 3.13118217168 2.85798197241 2.46757616306 19256946.6199 0.176591251776
109 1.66730452 31318671.9218 17248828.2362 14559170.4609 1.0323761486 -0.240674 3.2090165532 2.90931025145 2.56811000455 19315337.8088 0.103459414211
110 1.66829475 31399900.0219 17290526.6573 14596310.5831 1.03121179764 -0.260532 3.04753072301 2.81049798675 2.51608074084 21323661.4215 0.0326518546048
111 1.66908108 31384764.4252 17288249.3069 14607667.6714 1.03031920769 -0.272165 3.13041120929 2.9303716932 2.53710577048 19394302.8169 -0.00729842153878
112 1.66988002 31395848.9786 17314211.3348 14602878.2974 1.02941598896 -0.285347 2.96034686862 2.81003423537 2.48393587381 19534022.2809 -0.0527526104481
113 1.67067167 31448884.6516 17310216.2054 14622837.6973 1.02854666674 -0.286195 3.05566958502 2.79730701201 2.45057556912 19333100.1974 -0.0526039155999
114 1.6714642 31433782.583 17312571.3227 14624323.9909 1.0276952288 -0.290645 2.93870751906 2.772088723 2.42583078819 19402341.7776 -0.0657081950063
115 1.67225032 31289215.3452 17235280.473 14548955.1652 1.02687378582 -0.288758 2.78854281584 2.76814655116 2.30631349787 19435905.3104 -0.0556121438905
116 1.67304339 31331983.548 17261628.3691 14575522.7462 1.02605548709 -0.285005 3.21725590545 3.0006246959 2.64721375897 19279634.2785 -0.0388191311305
117 1.67384062 31389946.6103 17280908.2395 14584514.2851 1.02524492284 -0.278623 2.99886349868 2.69050162119 2.26139539438 19228836.8051 -0.0126131211985
118 1.67463636 31423441.018 17309919.3894 14611664.0877 1.02446490805 -0.276253 3.06190081495 2.87902355307 2.55191247227 19083399.9629 -0.00113940334393
119 1.67542835 31425909.6032 17306456.0811 14593434.8228 1.02370260404 -0.274367 2.8568333385 2.69555792676 2.09619268234 18936303.8967 0.00847868528859
120 1.67651257 31332684.0226 17264947.4482 14563215.7192 1.0226836495 -0.268662 2.92459368156 2.63801254568 2.43110561128 19809461.253 0.0317655239998
121 1.67730144 31274265.302 17228324.9065 14527723.8442 1.02197134528 -0.262718 2.79343041328 2.66168238712 2.35679490086 18783557.5932 0.0557443969863
122 1.67809501 31335990.296 17257481.7203 14555615.1655 1.0212681303 -0.258482 2.98371700591 2.70984092585 2.20938083294 18787807.9659 0.0734333851166
123 1.67888705 31369349.4692 17269722.2691 14571512.2901 1.02058231488 -0.257819 2.96420350409 2.59734109647 2.22257067962 18736724.6201 0.0782166414348
124 1.67967622 31336538.7609 17280390.9088 14569662.7217 1.01991366236 -0.261524 2.83578709477 2.49821808014 2.11707981117 18665355.9728 0.0673602136809
125 1.68046709 31292640.9262 17249489.322 14550292.543 1.01926059845 -0.259924 2.77365689601 2.52947626251 2.1425926899 18638238.8403 0.0753914478651
126 1.68126163 31386608.9915 17294884.7244 14593039.939 1.01862586736 -0.267873 2.84919438112 2.62291087154 2.23026108911 18924339.3581 0.0494605527409
127 1.68205536 31425242.2516 17310660.2207 14603433.5527 1.01800917889 -0.27779 3.03591960372 2.84310256649 2.39724099844 18554308.2087 0.0166505302227
128 1.68284196 31391962.0011 17298991.7316 14595075.8866 1.01740824521 -0.288124 2.88286669812 2.7255502275 2.14227970174 17749668.2947 -0.0175155367678
129 1.68363644 31400255.8759 17287396.1663 14588807.8903 1.01682607046 -0.295455 2.89457180546 2.69281665146 2.40739508289 17969401.3261 -0.0409824567179
130 1.68460666 31394931.9689 17307484.6413 14600169.5311 1.01613687689 -0.300616 2.76025438604 2.49914064638 2.23483535815 19515830.4079 -0.0567556917948
131 1.68540156 31366945.7903 17279170.3581 14586204.2574 1.01559111899 -0.306652 2.95947824381 2.77804777958 2.19318498183 17613893.9058 -0.0755697918433
132 1.68619352 31434372.0118 17307549.4079 14617488.5237 1.01506407222 -0.308978 2.85871247006 2.4508279842 2.31450295247 17209404.7566 -0.081360170027
133 1.68698264 31428592.1082 17307428.6877 14599777.0244 1.01455245698 -0.312232 2.96072786181 2.51183591666 2.07043794433 17053415.5733 -0.0904100367213
134 1.68777575 31341601.7856 17260337.4627 14583947.4787 1.01405928255 -0.313637 2.66731487514 2.44697831924 2.17979012776 16850072.8618 -0.09302178638
135 1.68856988 31375639.5493 17288490.7879 14621040.4166 1.01358293472 -0.316745 3.00578332339 2.76594540768 2.29511831859 16354077.6561 -0.101589417716
136 1.68936186 31408453.0914 17288964.755 14610543.9207 1.01312298052 -0.317807 2.76683696161 2.47446651946 1.94844571614 15893073.0859 -0.103065121297
137 1.69016243 31390531.7367 17286436.8221 14585044.5291 1.0126728155 -0.312429 2.67518283662 2.39844290757 1.87465741794 15863610.5214 -0.082270631618
138 1.69095495 31365403.1663 17271140.3843 14571208.699 1.01224739479 -0.304815 2.78562558848 2.47357755789 2.0446120101 15377352.8777 -0.0538692585462
139 1.69174721 31305224.7935 17239815.1066 14560494.5762 1.01183878867 -0.298487 2.52566445342 2.24839810017 1.86310777035 14942580.318 -0.0300554590917
140 1.69272784 31336905.2858 17252220.7814 14548009.1071 1.01136031413 -0.289914 2.58937588806 2.2762256622 1.61558638077 16816185.2253 0.00136225559269
141 1.69351637 31330150.592 17247967.9911 14553217.8942 1.01098877602 -0.288652 2.53345993466 2.25926200397 1.76593692429 14951708.991 0.00748820586161
142 1.69430855 31323931.5389 17244003.0191 14553368.2989 1.01063396903 -0.286721 2.599469612 2.38575572987 2.0726535322 14754550.6448 0.0158494441143
143 1.6951033 31243933.0122 17209214.967 14510971.1976 1.01029484831 -0.284416 2.29179899381 2.1329226386 1.88067647804 14606828.2235 0.0254244307258
144 1.69589493 31150532.6893 17150336.5189 14481962.7981 1.00997274516 -0.287882 2.39238622788 2.38860999391 1.84771881031 14365336.3612 0.0151867257405
145 1.69668158 31205971.7176 17186925.1534 14510331.2705 1.00966779754 -0.296415 2.20142811982 2.05794512034 1.63902540221 13690492.4966 -0.0123618872194
146 1.69747288 31212493.5862 17177485.2311 14504532.0771 1.00937946866 -0.288008 1.98476293548 1.72504760477 1.14236905702 13785465.7047 0.0179024197849
147 1.69826091 31219802.2244 17178791.0801 14494722.3595 1.00911148451 -0.286828 2.06144341692 1.7837418659 1.39061941405 13495956.4507 0.0234279662823
148 1.69905395 31245959.3408 17198480.3118 14505291.3988 1.00885512032 -0.294513 1.78442520045 1.49304079097 1.12615199136 13417914.6365 -0.00123942836512
149 1.69985126 31270793.1459 17234730.2604 14535783.8331 1.0086122937 -0.303747 1.89811022932 1.49490845988 0.940730104738 13357289.614 -0.031131879116
150 1.70083117 31237116.19 17222669.2329 14524381.503 1.00833885981 -0.306192 1.57380721377 1.36491383401 0.775268372982 15019619.8192 -0.0379650471643
151 1.7016247 31207227.7223 17190726.1952 14538877.5492 1.00813686034 -0.309112 1.68011973467 1.51406322409 0.878732164651 13595141.9647 -0.046427834629
152 1.70242122 31250401.2375 17223895.1115 14541998.1942 1.007951407 -0.313485 1.56719104258 1.47239405882 0.929826466454 13758286.9472 -0.0598209375845
153 1.70321285 31222276.8977 17215690.5827 14543714.8818 1.00778196493 -0.318404 1.35601804603 1.28338296034 0.425211277991 13367559.2449 -0.0750638797706
154 1.70399936 31251611.7043 17228532.6503 14528611.2521 1.00763136303 -0.320226 1.55890237206 1.2498630402 0.690521162423 13161015.6401 -0.0798663738669
155 1.70479382 31154675.8025 17190213.1793 14510603.9518 1.00749268795 -0.324473 1.03049950282 0.824096927307 0.102054126765 12983570.5756 -0.0928668285894
156 1.70558604 31203021.0335 17221903.2213 14504097.1625 1.00737321517 -0.31831 1.10151891706 0.76160085227 -0.00466348000309 12902815.8112 -0.0708576250875
157 1.70638127 31245483.1277 17231079.2759 14531221.5547 1.0072702021 -0.316583 1.00606720655 0.655899388881 -0.00663996162716 12837954.4831 -0.0638472358807
158 1.70716738 31170316.1595 17187853.7463 14483212.2844 1.00718299135 -0.314558 0.936961071271 0.70407568467 -0.24349236829 12484382.7578 -0.0558933186894
159 1.7079619 31139589.5854 17177017.0967 14486959.2608 1.00711216931 -0.313578 0.704317775553 0.525403446641 -0.0963645702613 12715889.4341 -0.0515014202491
160 1.7090313 31052735.0973 17134192.2795 14448846.761 1.0070427073 -0.297122 0.857394298392 0.673831526156 -0.176928057129 13323940.3505 0.00468317048965
161 1.70981903 31113514.2102 17150867.4364 14458237.581 1.00701017425 -0.287546 0.655051166846 0.431921003056 -0.432949291224 12268361.4507 0.0376936186937
162 1.71061637 31059077.6003 17110426.3379 14422983.3932 1.00699396041 -0.27084 1.00730844547 0.731183336052 0.0528705250055 12054424.9744 0.0944435557935
163 1.71140937 30933705.5431 17055785.5965 14384648.2957 1.00699466007 -0.260877 0.949182079136 0.605543370522 -0.0502154144856 11849631.7169 0.128530208243
164 1.71220193 30934844.8781 17050770.5384 14388548.2635 1.00701168577 -0.271428 0.760550652267 0.537587553402 -0.281076888051 12049094.8624 0.0940544144434
165 1.71298872 30408309.1305 16770935.4897 14138957.1334 1.00704460483 -0.246025 0.537248370097 0.529628987111 -0.590285903775 11631779.1448 0.179507379704
166 1.7137803 30719501.9065 16939822.1329 14283113.52 1.00709418715 -0.248306 0.839343531799 0.679643112138 -0.368895612174 11983201.784 0.172538806112
167 1.71456912 30757995.0613 16958115.7285 14300973.8632 1.00716015702 -0.246661 0.946502017111 0.720579022805 -0.216202220842 11845325.3869 0.178622383357
168 1.71536169 30783542.7408 16973203.7673 14310719.0525 1.00724252066 -0.24233 0.684030110106 0.526347782275 -0.258383279476 11712802.4069 0.193603847915
169 1.7161538 30910455.0747 17059100.2464 14377117.2538 1.00734175268 -0.253082 0.958928928388 0.624506909472 -0.192478050886 11825317.0842 0.158375614855
170 1.71714896 31073145.8245 17134297.6904 14437351.1793 1.00748877213 -0.273504 1.01122321902 0.579107756788 -0.246220287215 13437281.1338 0.0910219650697
171 1.71794378 30862895.5248 17048005.0801 14373180.679 1.00762455549 -0.282671 0.948551222057 0.777000641773 -0.0247127866858 11825973.3313 0.0610975955274
172 1.71873541 31069890.2139 17128975.0256 14442967.4677 1.00777721888 -0.302856 0.792560281224 0.510418603361 -0.139531447518 11754111.598 -0.00540646540728
173 1.71952071 31080965.1496 17151066.0453 14468789.4213 1.00794347112 -0.309429 1.14569681573 0.73228929215 -0.0667692008479 11853201.8723 -0.0267142276413
174 1.72031917 31152328.5271 17171529.6559 14500851.3163 1.00813154195 -0.331249 0.967964787746 0.674494038793 -0.0451911576177 12244113.9262 -0.0986085416676
175 1.72111221 31076629.4896 17146182.9913 14462038.0075 1.00833338565 -0.334674 1.0623117503 0.742048768509 -0.00658107186349 12205804.831 -0.109499037612
176 1.72190657 31033009.1385 17122674.1349 14464030.3262 1.00855232535 -0.344365 1.11166132817 0.882672259674 -0.0579517586681 12306302.6172 -0.141188089297
177 1.72269828 31018835.0324 17101997.7432 14446300.4857 1.00878715198 -0.356972 1.17104091741 0.921479008376 0.0372646337332 12528091.6799 -0.182557694584
178 1.72348807 31002114.5271 17113310.8977 14441337.9003 1.00903854959 -0.354306 0.771930383622 0.498419831071 -0.283165893516 12624748.659 -0.173365532316
179 1.72428006 31087694.7661 17140606.1731 14480660.9998 1.00930667323 -0.354601 0.89633638195 0.622016618788 -0.365584465245 12551640.398 -0.174026953405
180 1.72525916 31116517.4281 17161850.4228 14473379.9238 1.00966223484 -0.35777 0.85309179688 0.460575979705 -0.269846431833 13941707.6464 -0.184246116118
181 1.72604541 30974704.6792 17077967.5822 14431124.3184 1.00996263777 -0.356011 1.00095516341 0.501714666848 -0.475261716979 12480514.032 -0.178197331409
182 1.72683984 30783915.1365 16978809.3719 14347855.7671 1.01028414891 -0.336476 0.751738762637 0.608806734268 -0.247265487899 12711945.2657 -0.113376123223
183 1.7276324 30940473.3314 17062295.5546 14411242.2679 1.01062305157 -0.323817 0.628992191084 0.245798174128 -0.601369310134 12734840.7668 -0.0713645324775
184 1.72842057 30981783.9085 17087486.7446 14412231.7454 1.01097757337 -0.311406 0.886626091838 0.452578341397 -0.0885776069758 12630271.1729 -0.0302224635353
185 1.7292129 30778737.1175 16987490.8462 14335922.3804 1.01134936376 -0.289671 0.791855440492 0.44084104701 -0.341475743075 12661931.6065 0.04172075237
186 1.73000792 30589264.9214 16879279.9875 14254067.6057 1.01173721 -0.276251 0.85943268039 0.679226949723 -0.234414621757 12957041.9199 0.0861170957693
187 1.73079944 30687382.2421 16925437.8326 14272727.983 1.01214324083 -0.252477 0.592943821963 0.269892851658 -0.435675630046 12880514.8335 0.164734103853
188 1.7315867 30738630.8549 16938262.3136 14291290.7315 1.0125577605 -0.241572 0.780215292442 0.269089232505 -0.283644776125 12475285.2563 0.200750518053
189 1.73237867 30689120.6008 16924242.5006 14294750.8705 1.01299638308 -0.242086 0.643843252078 0.297443663085 -0.705962660956 12544036.8034 0.198958727177
190 1.73338199 30702398.4559 16949105.6079 14276433.956 1.01357708705 -0.246843 0.829795433028 0.406021104855 -0.178107656942 14596940.1633 0.183093973024
191 1.73416785 30746580.8013 16951268.7954 14311802.5642 1.01405328505 -0.252135 0.746891853783 0.312223984398 -0.533086928335 12973690.7169 0.165421659787
192 1.73496727 30462780.4248 16807378.8573 14180721.1499 1.01454716082 -0.262968 0.787496277394 0.50691121982 -0.574369889196 13214413.5751 0.129364848021
193 1.73576059 30766775.9953 16957383.1346 14315391.815 1.01505719599 -0.28184 0.926683058633 0.461054116108 -0.41972728966 12852726.0769 0.0666341858579
194 1.73655448 30806008.9065 16983559.2051 14338024.3015 1.01558589393 -0.29668 0.955954648518 0.503882879389 -0.227485775089 13009894.9391 0.0171886726961
195 1.737346 30886695.7477 17028289.3878 14382406.6725 1.01612997126 -0.321184 0.83020065821 0.481079796817 -0.431165541076 12961237.887 -0.0643515107773
196 1.73813449 30998539.9664 17073018.0527 14419731.5726 1.01669106505 -0.331445 1.10264782456 0.478582254928 -0.184101165877 12512304.4506 -0.0987746615228
197 1.73892652 30948141.0776 17063595.4466 14406284.2611 1.01726998625 -0.338002 1.00650826112 0.690595631597 -0.126549634171 12380839.3703 -0.120983262839
198 1.73971991 31002317.9539 17087442.7258 14427227.9695 1.01786546023 -0.347912 1.12064821036 0.725139277916 0.129120985883 12770947.478 -0.154379726782
199 1.74051686 30941130.2203 17039523.972 14404504.2101 1.01848894643 -0.34809 0.988366437223 0.69064725626 -0.168761894298 13107977.4171 -0.15554538387
200 1.74160378 30937192.6296 17059503.0827 14378540.2069 1.01934884247 -0.347729 1.08735517418 0.678980500748 0.0341430898537 13923374.2915 -0.154966339047
201 1.74239667 30940048.4995 17038206.3277 14383480.7213 1.02000417256 -0.349091 0.967412649777 0.439116917264 -0.419265172686 12825377.9654 -0.160157169605
202 1.74319594 30934389.1706 17039322.4991 14386516.5113 1.02068618675 -0.345066 1.01216474759 0.659122087744 -0.292129230338 13041589.3871 -0.147484795875
203 1.74398817 30777115.0601 16958114.5471 14338643.3521 1.02137470958 -0.332295 0.868837233644 0.583458214371 -0.339927054892 12930266.2585 -0.105737493831
204 1.74478294 30923293.1367 17046921.7774 14382495.676 1.02208091335 -0.321404 0.9508035923 0.437763143098 -0.263808342308 13026956.2077 -0.0702367603151
205 1.74557528 30759429.3069 16955058.8379 14313783.6745 1.02280645321 -0.30433 1.10168947682 0.703017160721 -0.141354179733 12844739.7112 -0.0141230228772
206 1.74636161 30478803.3518 16802341.763 14187299.4959 1.02354765913 -0.293709 0.768581185664 0.569163706942 -0.45913105298 12381620.7098 0.0205159001931
207 1.7471544 30439689.1134 16760206.4146 14151671.5441 1.02430631369 -0.273456 1.03630210861 0.758552432504 0.0531750511689 12432540.6196 0.0873193126259
208 1.74795381 30760833.5616 16952295.1591 14300725.7713 1.02508501363 -0.268136 0.930417963733 0.517619381233 -0.227569301176 12261154.2201 0.10431593373
209 1.74874544 30863800.9711 17004547.0974 14334183.7763 1.02587916324 -0.267848 0.954868106138 0.353696331888 -0.505271974189 12118815.8438 0.104483605523
210 1.74973314 30781607.6728 16962925.6416 14305308.9009 1.0269004376 -0.266906 1.03550621547 0.414928854007 -0.025153042647 13917114.149 0.106805542991
211 1.75051912 30774122.0346 16951354.0016 14295287.9935 1.0277249104 -0.271198 0.898364669308 0.381971224278 -0.440142926504 11783967.6806 0.0915649128473
212 1.75130673 30845963.3343 16984009.1609 14343925.6528 1.02857709599 -0.284069 0.997822834139 0.540892760755 -0.285317296292 11579596.9525 0.0474928812296
213 1.75209835 30913551.2403 17019915.8318 14349402.7572 1.02944711274 -0.294383 0.942152337096 0.366839912739 -0.408845452872 11741440.3606 0.011876173448
214 1.75288641 30938201.9148 17043451.4131 14383521.8649 1.03032193379 -0.307028 0.948876601924 0.338614468773 -0.282834029798 11464446.1287 -0.0316876362976
215 1.75367851 30950515.046 17046370.1176 14384479.6782 1.03123057556 -0.320071 1.130839117 0.543680292157 -0.14539890052 11646391.3664 -0.0767269006972
216 1.75447294 30944005.8856 17042527.9898 14386566.0548 1.03215454123 -0.327887 0.986583021076 0.40855994163 -0.239716680492 12183864.6982 -0.104307150479
217 1.75527064 30871491.5626 17010919.9084 14361837.6256 1.03311082011 -0.332535 0.938428089224 0.445263183706 -0.447161669366 12205972.5822 -0.121313402874
218 1.75606328 30822885.2518 16975161.6277 14330255.7963 1.03407464309 -0.324315 0.950220895235 0.615482891917 -0.389234373015 12314277.709 -0.094959937603
219 1.75685559 30731808.4597 16939035.9174 14302612.2379 1.03505563016 -0.32571 0.837801466549 0.376211031094 -0.448098787324 11873758.6742 -0.101086587044
220 1.75784356 30832658.864 16986824.4505 14308749.3748 1.03629711754 -0.314014 0.841225796082 0.467282107371 -0.280631140732 13581697.7798 -0.062958446919
221 1.75863726 30744468.4743 16937798.7132 14298258.3359 1.03731792151 -0.31242 0.876586212693 0.53415486935 -0.213157049085 12533207.717 -0.0590117562476
222 1.75943288 30735903.3807 16938602.6174 14304721.8131 1.03837297021 -0.303262 0.983931508138 0.457620904889 -0.152172947332 12169489.701 -0.0294197051345
223 1.7602273 30743486.6676 16939858.5196 14282323.3653 1.03943154622 -0.304791 0.983834346045 0.557334446388 -0.159560397934 11833944.0429 -0.036112891454
224 1.76102045 30724669.8725 16920321.7669 14285204.8145 1.04051368625 -0.293747 1.05887293541 0.597472828412 -0.422967883239 11664468.5932 -6.17989260521e-05
225 1.76181474 30825362.6042 16980881.1918 14314036.1968 1.04161011007 -0.287161 1.1028947109 0.716261750646 0.0104882044396 12036648.9949 0.0208586354245
226 1.76260662 30741274.642 16929803.1678 14296108.7745 1.04272573206 -0.291927 1.02479609504 0.601821558695 -0.0837545446392 12453472.9761 0.00303729311565
227 1.76339476 30808196.8742 16963719.6854 14327159.0844 1.0438600746 -0.280371 0.940938580133 0.494784035283 -0.25510917406 12202193.9842 0.0409512212123
228 1.76418618 30776357.316 16952864.2553 14310130.1764 1.04501711106 -0.273769 1.20389830964 0.743333369282 0.127426912329 12275689.068 0.0619776869418
229 1.76498674 30774590.4634 16955679.916 14296774.8187 1.04619198078 -0.269981 0.988238723129 0.545204103325 -0.219163454806 12896513.662 0.073379677675
230 1.76598963 30813172.8836 16983528.1954 14306303.8613 1.04770657971 -0.272739 1.21042685622 0.664932596742 0.281575995311 14419721.7891 0.0622780095196
231 1.76678324 30816604.7305 16976137.1291 14316465.4048 1.04892697711 -0.270242 1.19775449589 0.642916446139 0.0230427567468 12496659.8544 0.0691996150824
232 1.76757546 30795917.4801 16970132.2226 14315656.3624 1.05016570055 -0.270967 1.24331676137 0.829332242384 0.155212408022 12171791.4018 0.0649912552091
233 1.76836325 30821474.9253 16976405.0661 14315594.633 1.05142202023 -0.27292 1.11601109606 0.570598451411 -0.0658405817685 12305529.1391 0.0564845736757
234 1.76915654 30822125.3428 16967638.3273 14313125.9752 1.05269783718 -0.279741 1.16150840284 0.573509806884 -0.0706365324924 12909939.2402 0.0310462382187
235 1.7699512 30840071.6819 16980406.5975 14328904.2214 1.05399759134 -0.28018 0.998255253568 0.542834350736 -0.0832600787462 13142631.1388 0.0276192129969
236 1.77074388 30901976.4413 17010704.7058 14348669.5399 1.05531553804 -0.288522 1.25236471505 0.773514490154 0.208380853288 13260240.944 -0.0033434271127
237 1.77154501 30816081.755 16972572.5173 14316397.1099 1.05667127811 -0.284019 1.19542283105 0.651125264776 0.0502763971057 13292423.8505 0.0102881975437
238 1.77233713 30832308.4633 16987633.3459 14334460.1 1.05802795842 -0.289602 1.07993645811 0.643849075768 0.122359942214 13352297.5584 -0.0112835622275
239 1.77313248 30878002.6203 17006588.3356 14351128.4557 1.05940869761 -0.28664 1.27522631082 0.602629253323 0.225851637983 14439396.1223 -0.00308491012705
240 1.77419923 30876911.6181 17015290.9118 14349025.0187 1.06128855808 -0.280338 1.22358288897 0.60638583524 0.0404085028774 15985060.5067 0.0168223912766
241 1.7749868 30915700.7174 17028854.393 14373008.6929 1.0627153937 -0.276645 1.19701566838 0.590582177152 -0.0512856753242 14955929.0031 0.0276073654388
242 1.7757861 30929770.6728 17032725.4752 14365238.0997 1.06416503705 -0.28451 0.890422595129 0.418291899442 -0.0898781519126 15135397.2182 -0.00231688254662
243 1.77657994 30918307.4632 17016865.1855 14367873.8239 1.06565291047 -0.277949 1.10028446707 0.474848345173 -0.0434558942775 14997592.8268 0.0185203962433
244 1.7773717 30882386.1365 17005675.5147 14350851.5253 1.06714050261 -0.26528 1.18701919735 0.619939352127 0.0820453737629 14945934.2586 0.0610349269371
245 1.77817292 30863727.5333 17000700.8118 14333854.75 1.06864898547 -0.255285 1.16246005327 0.487596500223 0.0911047288454 15402511.1652 0.0942272661774
